273, 1000.3382260153579
274, 1000.4358803989953
275, 1000.533747382906
276, 1000.6318287259334
277, 1000.7301261784777
278, 1000.8286414824955
279, 1000.9273763714996
280, 1001.0263325705602
281, 1001.1255117963033
282, 1001.2249157569111
283, 1001.3245461521235
284, 1001.4244046732357
285, 1001.5244930031002
286, 1001.6248128161255
287, 1001.7253657782775
288, 1001.8261535470772
289, 1001.9271777716033
290, 1002.0284400924909
291, 1002.1299421419307
292, 1002.2316855436712
293, 1002.3336719130164
294, 1002.4359028568277
295, 1002.5383799735217
296, 1002.641104853073
297, 1002.7440790770122
298, 1002.8473042184258
299, 1002.9507818419578
300, 1003.0545135038077
301, 1003.1585007517323
302, 1003.2627451250448
303, 1003.3672481546149
304, 1003.4720113628681
305, 1003.5770362637877
306, 1003.6823243629125
307, 1003.7878771573382
308, 1003.893696135717
309, 1003.9997827782578
310, 1004.1061385567256
311, 1004.2127649344421
312, 1004.3196633662859
313, 1004.4268352986915
314, 1004.5342821696502
315, 1004.64200540871
316, 1004.7500064369752
317, 1004.8582866671065
318, 1004.9668475033214
319, 1005.0756903413942
320, 1005.1848165686545
321, 1005.2942275639898
322, 1005.4039246978434
323, 1005.5139093322153
324, 1005.6241828206621
325, 1005.7347465082967
326, 1005.8456017317889
327, 1005.9567498193642
328, 1006.0681920908056
329, 1006.1799298574521
330, 1006.2919644221992
331, 1006.4042970794997
332, 1006.5169291153612
333, 1006.6298618073498
334, 1006.7430964245865
335, 1006.8566342277501
336, 1006.970476469075
337, 1007.0846243923523
338, 1007.1990792329302
339, 1007.3138422177128
340, 1007.4289145651607
341, 1007.5442974852915
342, 1007.659992179679
343, 1007.7759998414534
344, 1007.8923216553022
345, 1008.0089587974679
346, 1008.1259124357513
347, 1008.2431837295082
348, 1008.3607738296519
349, 1008.4786838786517
350, 1008.596915010534
351, 1008.7154683508805
352, 1008.8343450168314
353, 1008.953546117081
354, 1009.0730727518824
355, 1009.1929260130437
356, 1009.3131069839305
357, 1009.4336167394639
358, 1009.5544563461224
359, 1009.6756268619404
360, 1009.7971293365093
361, 1009.9189648109771
362, 1010.0411343180475
363, 1010.1636388819813
364, 1010.2864795185964
365, 1010.4096572352657
366, 1010.5331730309205
367, 1010.6570278960469
368, 1010.7812228126886
369, 1010.9057587544453
370, 1011.0306366864736
371, 1011.1558575654861
372, 1011.2814223397528
373, 1011.4073319490993
374, 1011.5335873249079
375, 1011.6601893901177
376, 1011.7871390592243
377, 1011.9144372382799
378, 1012.0420848248926
379, 1012.1700827082282
380, 1012.2984317690075
381, 1012.4271328795091
382, 1012.5561869035672
383, 1012.6855946965738
384, 1012.8153571054758
385, 1012.9454749687775
386, 1013.0759491165401
387, 1013.2067803703801
388, 1013.3379695434719
389, 1013.4695174405451
390, 1013.6014248578872
391, 1013.7336925833408
392, 1013.8663213963067
393, 1013.9993120677403
394, 1014.132665360155
395, 1014.2663820276199
396, 1014.400462815761
397, 1014.5349084617609
398, 1014.6697196943584
399, 1014.8048972338488
400, 1014.9404417920844
401, 1015.0763540724735
402, 1015.2126347699812
403, 1015.3492845711291
404, 1015.486304153995
405, 1015.6236941882137
406, 1015.7614553349764
407, 1015.8995882470305
408, 1016.0380935686804
409, 1016.1769719357866
410, 1016.316223975766
411, 1016.4558503075928
412, 1016.5958515417971
413, 1016.7362282804652
414, 1016.8769811172407
415, 1017.0181106373235
416, 1017.1596174174698
417, 1017.3015020259926
418, 1017.4437650227605
419, 1017.5864069592002
420, 1017.729428378294
421, 1017.8728298145801
422, 1018.0166117941546
423, 1018.1607748346689
424, 1018.3053194453321
425, 1018.4502461269087
426, 1018.5955553717201
427, 1018.7412476636448
428, 1018.8873234781173
429, 1019.0337832821281
430, 1019.180627534225
431, 1019.3278566845123
432, 1019.4754711746506
433, 1019.6234714378567
434, 1019.7718578989044
435, 1019.920630974124
436, 1020.0697910714022
437, 1020.2193385901822
438, 1020.3692739214633
439, 1020.5195974478025
440, 1020.670309543312
441, 1020.8214105736613
442, 1020.972900896076
443, 1021.1247808593387
444, 1021.277050803788
445, 1021.4297110613197
446, 1021.5827619553851
447, 1021.7362038009929
448, 1021.890036904708
449, 1022.0442615646517
450, 1022.1988780705026
451, 1022.353886703494
452, 1022.5092877364181
453, 1022.6650814336217
454, 1022.8212680510092
455, 1022.9778478360408
456, 1023.1348210277337
457, 1023.2921878566616
458, 1023.4499485449547
459, 1023.6081033062994
460, 1023.766652345939
461, 1023.9255958606733
462, 1024.0849340388581
463, 1024.2446670604068
464, 1024.404795096788
465, 1024.5653183110276
466, 1024.7262368577076
467, 1024.8875508829676
468, 1025.0492605245022
469, 1025.2113659115637
470, 1025.3738671649598
471, 1025.5367643970562
472, 1025.7000577117735
473, 1025.8637472045905
474, 1026.027832962541
475, 1026.1923150642156
476, 1026.3571935797627
477, 1026.5224685708854
478, 1026.688140090845
479, 1026.8542081844582
480, 1027.0206728880983
481, 1027.1875342296955
482, 1027.3547922287369
483, 1027.5224468962647
484, 1027.6904982348792
485, 1027.858946238736
486, 1028.0277908935486
487, 1028.1970321765855
488, 1028.366670056672
489, 1028.5367044941918
490, 1028.7071354410823
491, 1028.8779628408395
492, 1029.0491866285145
493, 1029.2208067307163
494, 1029.3928230656093
495, 1029.565235542915
496, 1029.7380440639108
497, 1029.911248521432
498, 1030.0848487998687
499, 1030.2588447751687
500, 1030.433236314836
501, 1030.608023277931
502, 1030.78320551507
503, 1030.9587828684275
504, 1031.134755171733
505, 1031.3111222502732
506, 1031.4878839208907
507, 1031.6650399919859
508, 1031.8425902635142
509, 1032.0205345269887
510, 1032.198872565478
511, 1032.377604153608
512, 1032.5567290575614
513, 1032.7362470350758
514, 1032.9161578354474
515, 1033.0964611995273
516, 1033.2771568597243
517, 1033.4582445400026
518, 1033.639723955884
519, 1033.8215948144457
520, 1034.0038568143225
521, 1034.1865096457052
522, 1034.3695529903412
523, 1034.552986521534
524, 1034.7368099041446
525, 1034.9210227945896
526, 1035.1056248408422
527, 1035.2906156824326
528, 1035.4759949504473
529, 1035.6617622675294
530, 1035.8479172478785
531, 1036.0344594972505
532, 1036.2213886129578
533, 1036.4087041838695
534, 1036.5964057904116
535, 1036.7844930045655
536, 1036.9729653898705
537, 1037.1618225014217
538, 1037.3510638858709
539, 1037.5406890814254
540, 1037.7306976178509
541, 1037.9210890164682
542, 1038.1118627901549
543, 1038.3030184433455
544, 1038.4945554720312
545, 1038.6864733637585
546, 1038.878771597632
547, 1039.0714496443115
548, 1039.264506966014
549, 1039.4579430165134
550, 1039.6517572411387
551, 1039.845949076777
552, 1040.0405179518712
553, 1040.2354632864208
554, 1040.430784491981
555, 1040.6264809716656
556, 1040.8225521201427
557, 1041.018997323638
558, 1041.2158159599337
559, 1041.4130073983686
560, 1041.6105709998376
561, 1041.8085061167924
562, 1042.0068120932408
563, 1042.2054882647478
564, 1042.4045339584345
565, 1042.6039484929786
566, 1042.8037311786147
567, 1043.0038813171327
568, 1043.2043982018808
569, 1043.4052811177621
570, 1043.6065293412373
571, 1043.808142140323
572, 1044.0101187745925
573, 1044.212458495176
574, 1044.4151605447591
575, 1044.6182241575862
576, 1044.821648559455
577, 1045.0254329677225
578, 1045.2295765913013
579, 1045.4340786306593
580, 1045.6389382778227
581, 1045.8441547163736
582, 1046.049727121451
583, 1046.2556546597489
584, 1046.461936489519
585, 1046.6685717605703
586, 1046.8755596142666
587, 1047.0828991835292
588, 1047.2905895928359
589, 1047.4986299582213
590, 1047.707019387275
591, 1047.9157569791453
592, 1048.1248418245352
593, 1048.3342730057052
594, 1048.5440495964722
595, 1048.7541706622094
596, 1048.9646352598468
597, 1049.17544243787
598, 1049.3865912363226
599, 1049.598080686804
600, 1049.8099098124696
601, 1050.022077628032
602, 1050.2345831397604
603, 1050.44742534548
604, 1050.6606032345728
605, 1050.8741157879772
606, 1051.087961978188
607, 1051.3021407692574
608, 1051.5166511167931
609, 1051.7314919679593
610, 1051.9466622614777
611, 1052.1621609276253
612, 1052.3779868882368
613, 1052.5941390567025
614, 1052.8106163379696
615, 1053.0274176285418
616, 1053.244541816479
617, 1053.461987781399
618, 1053.679754394474
619, 1053.897840518434
620, 1054.1162450075653
621, 1054.3349667077105
622, 1054.5540044562695
623, 1054.7733570821972
624, 1054.9930234060068
625, 1055.2130022397673
626, 1055.4332923871034
627, 1055.6538926431974
628, 1055.8748017947876
629, 1056.0960186201692
630, 1056.3175418891933
631, 1056.5393703632678
632, 1056.761502795358
633, 1056.9839379299842
634, 1057.2066745032243
635, 1057.4297112427123
636, 1057.6530468676385
637, 1057.8766800887504
638, 1058.1006096083515
639, 1058.324834120302
640, 1058.5493523100185
641, 1058.7741628544743
642, 1058.999264422199
643, 1059.2246556732787
644, 1059.4503352593563
645, 1059.676301823631
646, 1059.902554000859
647, 1060.1290904173518
648, 1060.355909690979
649, 1060.5830104311651
650, 1060.8103912388933
651, 1061.0380507067005
652, 1061.2659874186827
653, 1061.4941999504908
654, 1061.7226868693326
655, 1061.951446733973
656, 1062.1804780947325
657, 1062.4097794934894
658, 1062.639349463677
659, 1062.8691865302865
660, 1063.0992892098636
661, 1063.3296560105132
662, 1063.5602854318952
663, 1063.791175965226
664, 1064.022326093279
665, 1064.253734290383
666, 1064.485399022425
667, 1064.7173187468475
668, 1064.9494919126498
669, 1065.1819169603873
670, 1065.4145923221727
671, 1065.6475164216747
672, 1065.880687674118
673, 1066.1141044862854
674, 1066.3477652565143
675, 1066.5816683747003
676, 1066.8158122222944
677, 1067.0501951723045
678, 1067.2848155892948
679, 1067.5196718293864
680, 1067.7547622402574
681, 1067.9900851611408
682, 1068.2256389228276
683, 1068.4614218476645
684, 1068.6974322495553
685, 1068.9336684339603
686, 1069.1701286978955
687, 1069.406811329934
688, 1069.6437146102057
689, 1069.8808368103969
690, 1070.11817619375
691, 1070.3557310150643
692, 1070.5934995206949
693, 1070.8314799485547
694, 1071.0696705281123
695, 1071.3080694803928
696, 1071.546675017978
697, 1071.7854853450058
698, 1072.024498657172
699, 1072.2637131417266
700, 1072.5031269774788
701, 1072.7427383347917
702, 1072.9825453755875
703, 1073.2225462533424
704, 1073.4627391130912
705, 1073.7031220914234
706, 1073.9436933164868
707, 1074.1844509079845
708, 1074.4253929771767
709, 1074.6665176268796
710, 1074.9078229514669
711, 1075.149307036867
712, 1075.3909679605672
713, 1075.6328037916091
714, 1075.8748125905927
715, 1076.116992409673
716, 1076.3593412925625
717, 1076.6018572745295
718, 1076.8445383823996
719, 1077.087382634554
720, 1077.3303880409317
721, 1077.5735526030269
722, 1077.816874313891
723, 1078.0603511581317
724, 1078.3039811119138
725, 1078.5477621429575
726, 1078.79169221054
727, 1079.035769265496
728, 1079.279991250215
729, 1079.5243560986446
730, 1079.768861736288
731, 1080.013506080205
732, 1080.258287039012
733, 1080.5032025128826
734, 1080.7482503935455
735, 1080.9934285642873
736, 1081.2387348999503
737, 1081.4841672669334
738, 1081.7297235231924
739, 1081.9754015182396
740, 1082.221199093143
741, 1082.4671140805285
742, 1082.7131443045776
743, 1082.9592875810279
744, 1083.2055417171748
745, 1083.4519045118689
746, 1083.6983737555186
747, 1083.9449472300876
748, 1084.191622709097
749, 1084.4383979576235
750, 1084.6852707323017
751, 1084.9322387813218
752, 1085.1792998444303
753, 1085.4264516529308
754, 1085.6736919296836
755, 1085.921018389104
756, 1086.1684287371659
757, 1086.4159206713985
758, 1086.6634918808877
759, 1086.9111400462764
760, 1087.1588628397626
761, 1087.406657925103
762, 1087.654522957609
763, 1087.9024555841493
764, 1088.1504534431488
765, 1088.3985141645892
766, 1088.646635370009
767, 1088.8948146725027
768, 1089.143049676721
769, 1089.3913379788721
770, 1089.6396771667203
771, 1089.888064819586
772, 1090.136498508346
773, 1090.3849757954351
774, 1090.6334942348428
775, 1090.8820513721162
776, 1091.130644744359
777, 1091.3792718802304
778, 1091.627930299947
779, 1091.8766175152816
780, 1092.1253310295638
781, 1092.3740683376793
782, 1092.6228269260705
783, 1092.8716042727367
784, 1093.1203978472333
785, 1093.3692051106723
786, 1093.6180235157221
787, 1093.8668505066078
788, 1094.1156835191105
789, 1094.3645199805692
790, 1094.6133573098778
791, 1094.8621929174876
792, 1095.1110242054065
793, 1095.3598485671982
794, 1095.6086633879834
795, 1095.85746604444
796, 1096.1062539048007
797, 1096.3550243288564
798, 1096.6037746679538
799, 1096.8525022649958
800, 1097.1012044544427
801, 1097.3498785623106
802, 1097.5985219061722
803, 1097.8471317951567
804, 1098.0957055299505
805, 1098.344240402796
806, 1098.5927336974912
807, 1098.8411826893926
808, 1099.0895846454114
809, 1099.3379368240167
810, 1099.5862364752331
811, 1099.8344808406423
812, 1100.0826671533819
813, 1100.3307926381467
814, 1100.5788545111882
815, 1100.8268499803132
816, 1101.0747762448864
817, 1101.3226304958284
818, 1101.5704099156158
819, 1101.8181116782832
820, 1102.0657329494197
821, 1102.3132708861726
822, 1102.5607226372454
823, 1102.8080853428971
824, 1103.0553561349445
825, 1103.3025321367604
826, 1103.549610463274
827, 1103.7965882209705
828, 1104.0434625078935
829, 1104.290230413641
830, 1104.5368890193681
831, 1104.7834353977873
832, 1105.0298666131669
833, 1105.2761797213318
834, 1105.5223717696638
835, 1105.7684397971002
836, 1106.0143808341356
837, 1106.2601919028214
838, 1106.5058700167651
839, 1106.7514121811305
840, 1106.9968153926386
841, 1107.242076639566
842, 1107.4871929017465
843, 1107.73216115057
844, 1107.9769783489837
845, 1108.2216414514903
846, 1108.4661474041498
847, 1108.710493144578
848, 1108.9546756019483
849, 1109.1986916969893
850, 1109.442538341987
851, 1109.6862124407842
852, 1109.9297108887786
853, 1110.1730305729266
854, 1110.416168371739
855, 1110.6591211552852
856, 1110.9018857851893
857, 1111.1444591146333
858, 1111.3868379883552
859, 1111.6290192426486
860, 1111.870999705365
861, 1112.1127761959121
862, 1112.3543455252538
863, 1112.59570449591
864, 1112.836849901959
865, 1113.0777785290334
866, 1113.3184871543233
867, 1113.5589725465754
868, 1113.799231466093
869, 1114.0392606647354
870, 1114.279056885919
871, 1114.5186168646171
872, 1114.757937327358
873, 1114.9970149922274
874, 1115.2358465688683
875, 1115.474428758478
876, 1115.712758253814
877, 1115.9508317391862
878, 1116.1886458904637
879, 1116.4261973750715
880, 1116.6634828519905
881, 1116.9004989717585
882, 1117.1372423764706
883, 1117.3737096997768
884, 1117.6098975668856
885, 1117.8458025945597
886, 1118.0814213911206
887, 1118.316750556445
888, 1118.5517866819657
889, 1118.786526350674
890, 1119.0209661371157
891, 1119.2551026073936
892, 1119.488932319168
893, 1119.7224518216544
894, 1119.955657655626
895, 1120.1885463534115
896, 1120.421114438897
897, 1120.653358427524
898, 1120.8852748262918
899, 1121.1168601337556
900, 1121.3481108400265
901, 1121.5790234267738
902, 1121.8095943672215
903, 1122.039820126151
904, 1122.2696971599005
905, 1122.4992219163641
906, 1122.7283908349923
907, 1122.9572003467931
908, 1123.1856468743304
909, 1123.4137268317238
910, 1123.6414366246515
911, 1123.8687726503456
912, 1124.095731297597
913, 1124.322308946752
914, 1124.5485019697135
915, 1124.774306729941
916, 1124.999719582451
917, 1125.2247368738156
918, 1125.449354942164
919, 1125.673570117182
920, 1125.8973787201114
921, 1126.1207770637511
922, 1126.3437614524562
923, 1126.5663281821387
924, 1126.788473540266
925, 1127.0101938058638
926, 1127.2314852495126
927, 1127.4523441333504
928, 1127.6727667110722
929, 1127.8927492279277
930, 1128.112287920725
931, 1128.3313790178274
932, 1128.5500187391558
933, 1128.7682032961866
934, 1128.9859288919536
935, 1129.2031917210468
936, 1129.4199879696118
937, 1129.6363138153522
938, 1129.8521654275282
939, 1130.0675389669548
940, 1130.2824305860045
941, 1130.4968364286067
942, 1130.7107526302473
943, 1130.924175317968
944, 1131.1371006103666
945, 1131.3495246176
946, 1131.5614434413785
947, 1131.7728531749704
948, 1131.983749903201
949, 1132.194129702451
950, 1132.403988640658
951, 1132.6133227773166
952, 1132.8221281634776
953, 1133.0304008417481
954, 1133.2381368462918
955, 1133.4453322028294
956, 1133.651982928637
957, 1133.858085032549
958, 1134.0636345149546
959, 1134.2686273678003
960, 1134.4730595745887
961, 1134.6769271103801
962, 1134.8802259417894
963, 1135.08295202699
964, 1135.2851013157103
965, 1135.4866697492362
966, 1135.6876532604094
967, 1135.8880477736288
968, 1136.087849204849
969, 1136.2870534615818
970, 1136.4856564428958
971, 1136.6836540394147
972, 1136.8810421333205
973, 1137.0778165983504
974, 1137.2739732997989
975, 1137.4695080945164
976, 1137.66441683091
977, 1137.858695348944
978, 1138.0523394801382
979, 1138.24534504757
980, 1138.437707865872
981, 1138.629423741234
982, 1138.820488471403
983, 1139.0108978456813
984, 1139.200647644929
985, 1139.3897336415605
986, 1139.5781515995502
987, 1139.7658972744252
988, 1139.9529664132729
989, 1140.1393547547334
990, 1140.3250580290062
991, 1140.510071957846
992, 1140.6943922545647
993, 1140.87801462403
994, 1141.0609347626669
995, 1141.243148358456
996, 1141.4246510909352
997, 1141.6054386311985
998, 1141.7855066418965
999, 1141.9648507772372
1000, 1142.1434666829828
1001, 1142.3147182414639
1002, 1142.4854819132322
1003, 1142.6560775385635
1004, 1142.8265052610282
1005, 1142.9967652241287
1006, 1143.1668575713002
1007, 1143.3367824459106
1008, 1143.5065399912592
1009, 1143.676130350579
1010, 1143.8455536670344
1011, 1144.014810083722
1012, 1144.1838997436719
1013, 1144.3528227898455
1014, 1144.521579365137
1015, 1144.6901696123723
1016, 1144.8585936743107
1017, 1145.0268516936442
1018, 1145.1949438129952
1019, 1145.36287017492
1020, 1145.5306309219075
1021, 1145.6982261963774
1022, 1145.8656561406838
1023, 1146.0329208971116
1024, 1146.2000206078783
1025, 1146.3669554151343
1026, 1146.5337254609626
1027, 1146.7003308873775
1028, 1146.8667718363265
1029, 1147.0330484496894
1030, 1147.1991608692776
1031, 1147.3651092368364
1032, 1147.5308936940417
1033, 1147.6965143825034
1034, 1147.8619714437618
1035, 1148.027265019292
1036, 1148.1923952504994
1037, 1148.3573622787223
1038, 1148.5221662452334
1039, 1148.6868072912341
1040, 1148.8512855578608
1041, 1149.0156011861816
1042, 1149.179754317197
1043, 1149.3437450918389
1044, 1149.5075736509739
1045, 1149.6712401353989
1046, 1149.8347446858427
1047, 1149.9980874429693
1048, 1150.1612685473722
1049, 1150.3242881395793
1050, 1150.4871463600489
1051, 1150.6498433491731
1052, 1150.812379247276
1053, 1150.9747541946144
1054, 1151.1369683313771
1055, 1151.2990217976849
1056, 1151.4609147335914
1057, 1151.6226472790831
1058, 1151.7842195740777
1059, 1151.9456317584256
1060, 1152.1068839719107
1061, 1152.267976354248
1062, 1152.428909045085
1063, 1152.5896821840024
1064, 1152.750295910512
1065, 1152.9107503640594
1066, 1153.0710456840213
1067, 1153.2311820097073
1068, 1153.3911594803599
1069, 1153.550978235153
1070, 1153.710638413193
1071, 1153.87014015352
1072, 1154.029483595105
1073, 1154.188668876851
1074, 1154.3476961375954
1075, 1154.5065655161059
1076, 1154.6652771510835
1077, 1154.823831181162
1078, 1154.9822277449068
1079, 1155.1404669808157
1080, 1155.2985490273193
1081, 1155.4564740227802
1082, 1155.614242105494
1083, 1155.7718534136875
1084, 1155.929308085521
1085, 1156.0866062590862
1086, 1156.2437480724084
1087, 1156.4007336634445
1088, 1156.557563170083
1089, 1156.714236730147
1090, 1156.8707544813888
1091, 1157.0271165614963
1092, 1157.1833231080877
1093, 1157.3393742587143
1094, 1157.4952701508594
1095, 1157.651010921939
1096, 1157.8065967093019
1097, 1157.9620276502278
1098, 1158.1173038819306
1099, 1158.2724255415553
1100, 1158.4273927661789
1101, 1158.582205692813
1102, 1158.7368644583987
1103, 1158.8913691998118
1104, 1159.045720053859
1105, 1159.19991715728
1106, 1159.3539606467468
1107, 1159.5078506588636
1108, 1159.661587330167
1109, 1159.815170797127
1110, 1159.9686011961435
1111, 1160.1218786635513
1112, 1160.2750033356162
1113, 1160.4279753485368
1114, 1160.580794838444
1115, 1160.733461941401
1116, 1160.8859767934036
1117, 1161.0383395303795
1118, 1161.1905502881896
1119, 1161.3426092026257
1120, 1161.4945164094138
1121, 1161.6462720442105
1122, 1161.7978762426067
1123, 1161.9493291401238
1124, 1162.1006308722165
1125, 1162.251781574272
1126, 1162.402781381609
1127, 1162.5536304294799
1128, 1162.7043288530685
1129, 1162.854876787491
1130, 1163.0052743677968
1131, 1163.155521728966
1132, 1163.3056190059126
1133, 1163.4555663334831
1134, 1163.6053638464546
1135, 1163.7550116795387
1136, 1163.9045099673776
1137, 1164.0538588445472
1138, 1164.2030584455547
1139, 1164.3521089048409
1140, 1164.5010103567774
1141, 1164.6497629356702
1142, 1164.7983667757549
1143, 1164.9468220112026
1144, 1165.095128776114
1145, 1165.243287204524
1146, 1165.3912974303996
1147, 1165.539159587639
1148, 1165.6868738100738
1149, 1165.834440231468
1150, 1165.981858985518
1151, 1166.1291302058519
1152, 1166.2762540260305
1153, 1166.423230579547
1154, 1166.570059999827
1155, 1166.7167424202291
1156, 1166.8632779740428
1157, 1167.0096667944906
1158, 1167.155909014729
1159, 1167.3020047678442
1160, 1167.4479541868564
1161, 1167.5937574047175
1162, 1167.7394145543126
1163, 1167.884925768458
1164, 1168.0302911799029
1165, 1168.1755109213302
1166, 1168.3205851253517
1167, 1168.4655139245156
1168, 1168.6102974513005
1169, 1168.7549358381166
1170, 1168.8994292173084
1171, 1169.0437777211507
1172, 1169.1879814818526
1173, 1169.332040631554
1174, 1169.4759553023282
1175, 1169.6197256261808
1176, 1169.763351735049
1177, 1169.906833760803
1178, 1170.0501718352455
1179, 1170.1933660901107
1180, 1170.3364166570661
1181, 1170.4793236677115
1182, 1170.6220872535785
1183, 1170.7647075461311
1184, 1170.9071846767663
1185, 1171.049518776813
1186, 1171.1917099775324
1187, 1171.333758410119
1188, 1171.4756642056977
1189, 1171.6174274953273
1190, 1171.7590484099997
1191, 1171.9005270806365
1192, 1172.0418636380948
1193, 1172.183058213161
1194, 1172.324110936557
1195, 1172.465021938934
1196, 1172.6057913508778
1197, 1172.746419302906
1198, 1172.886905925468
1199, 1173.0272513489454
1200, 1173.1674557036545
1201, 1173.30751911984
1202, 1173.4474417276824
1203, 1173.5872236572939
1204, 1173.726865038717
1205, 1173.8663660019283
1206, 1174.0057266768374
1207, 1174.144947193285
1208, 1174.2840276810443
1209, 1174.422968269821
1210, 1174.5617690892539
1211, 1174.700430268913
1212, 1174.838951938302
1213, 1174.977334226855
1214, 1175.1155772639406
1215, 1175.253681178858
1216, 1175.391646100841
1217, 1175.5294721590528
1218, 1175.6671594825912
1219, 1175.8047082004862
1220, 1175.9421184416985
1221, 1176.0793903351234
1222, 1176.2165240095871
1223, 1176.353519593848
1224, 1176.490377216599
1225, 1176.6270970064618
1226, 1176.7636790919937
1227, 1176.9001236016836
1228, 1177.0364306639508
1229, 1177.1726004071497
1230, 1177.3086329595653
1231, 1177.4445284494154
1232, 1177.5802870048508
1233, 1177.7159087539537
1234, 1177.8513938247395
1235, 1177.9867423451549
1236, 1178.1219544430805
1237, 1178.2570302463278
1238, 1178.3919698826417
1239, 1178.5267734796987
1240, 1178.6614411651078
1241, 1178.795973066411
1242, 1178.9303693110828
1243, 1179.0646300265282
1244, 1179.1987553400872
1245, 1179.3327453790296
1246, 1179.4666002705599
1247, 1179.6003201418137
1248, 1179.7339051198585
1249, 1179.8673553316955
1250, 1180.0006709042573
1251, 1180.1338519644094
1252, 1180.266898638949
1253, 1180.3998110546063
1254, 1180.5325893380436
1255, 1180.6652336158559
1256, 1180.7977440145703
1257, 1180.9301206606458
1258, 1181.0623636804748
1259, 1181.1944732003815
1260, 1181.3264493466218
1261, 1181.4582922453853
1262, 1181.5900020227925
1263, 1181.7215788048982
1264, 1181.853022717688
1265, 1181.9843338870796
1266, 1182.115512438925
1267, 1182.2465584990064
1268, 1182.3774721930392
1269, 1182.5082536466728
1270, 1182.6389029854859
1271, 1182.7694203349915
1272, 1182.8998058206341
1273, 1183.0300595677923
1274, 1183.1601817017752
1275, 1183.2901723478246
1276, 1183.420031631115
1277, 1183.5497596767536
1278, 1183.6793566097795
1279, 1183.8088225551642
1280, 1183.938157637811
1281, 1184.0673619825573
1282, 1184.1964357141712
1283, 1184.3253789573537
1284, 1184.454191836738
1285, 1184.5828744768903
1286, 1184.711427002309
1287, 1184.8398495374236
1288, 1184.9681422065971
1289, 1185.096305134126
1290, 1185.2243384442368
1291, 1185.3522422610893
1292, 1185.4800167087767
1293, 1185.6076619113232
1294, 1185.735177992686
1295, 1185.862565076754
1296, 1185.9898232873502
1297, 1186.1169527482277
1298, 1186.243953583073
1299, 1186.370825915506
1300, 1186.497569869077
1301, 1186.6241855672706
1302, 1186.7506731335018
1303, 1186.87703269112
1304, 1187.0032643634047
1305, 1187.12936827357
1306, 1187.2553445447616
1307, 1187.3811933000563
1308, 1187.5069146624649
1309, 1187.6325087549299
1310, 1187.7579757003264
1311, 1187.8833156214616
1312, 1188.0085286410751
1313, 1188.1336148818393
1314, 1188.2585744663586
1315, 1188.3834075171696
1316, 1188.5081141567412
1317, 1188.6326945074752
1318, 1188.7571486917057
1319, 1188.8814768316988
1320, 1189.005679049653
1321, 1189.1297554676992
1322, 1189.2537062079014
1323, 1189.3775313922545
1324, 1189.5012311426872
1325, 1189.62480558106
1326, 1189.7482548291653
1327, 1189.8715790087285
1328, 1189.9947782414072
1329, 1190.1178526487918
1330, 1190.2408023524033
1331, 1190.3636274736978
1332, 1190.4863281340618
1333, 1190.6089044548146
1334, 1190.7313565572076
1335, 1190.8536845624262
1336, 1190.975888591586
1337, 1191.0979687657357
1338, 1191.219925205857
1339, 1191.3417580328637
1340, 1191.463467367601
1341, 1191.585053330848
1342, 1191.706516043315
1343, 1191.8278556256455
1344, 1191.9490721984146
1345, 1192.0701658821301
1346, 1192.1911367972325
1347, 1192.3119850640944
1348, 1192.4327108030202
1349, 1192.553314134247
1350, 1192.673795177946
1351, 1192.794154054218
1352, 1192.9143908830974
1353, 1193.0345057845511
1354, 1193.1544988784785
1355, 1193.274370284711
1356, 1193.3941201230123
1357, 1193.513748513078
1358, 1193.6332555745385
1359, 1193.752641426953
1360, 1193.8719061898157
1361, 1193.991049982552
1362, 1194.1100729245204
1363, 1194.228975135011
1364, 1194.3477567332468
1365, 1194.4664178383828
1366, 1194.5849585695073
1367, 1194.7033790456385
1368, 1194.82167938573
1369, 1194.9398597086658
1370, 1195.0579201332641
1371, 1195.175860778273
1372, 1195.2936817623747
1373, 1195.4113832041837
1374, 1195.5289652222457
1375, 1195.64642793504
1376, 1195.7637714609778
1377, 1195.8809959184032
1378, 1195.998101425591
1379, 1196.1150881007507
1380, 1196.2319560620222
1381, 1196.3487054274785
1382, 1196.465336315126
1383, 1196.5818488429018
1384, 1196.6982431286758
1385, 1196.8145192902512
1386, 1196.930677445362
1387, 1197.046717711677
1388, 1197.162640206794
1389, 1197.278445048246
1390, 1197.3941323534978
1391, 1197.5097022399455
1392, 1197.6251548249177
1393, 1197.7404902256767
1394, 1197.8557085594164
1395, 1197.970809943262
1396, 1198.0857944942738
1397, 1198.2006623294412
1398, 1198.315413565688
1399, 1198.4300483198701
1400, 1198.5445667087758
1401, 1198.6589688491247
1402, 1198.7732548575702
1403, 1198.8874248506968
1404, 1199.0014789450227
1405, 1199.1154172569975
1406, 1199.2292399030034
1407, 1199.3429469993557
1408, 1199.4565386623005
1409, 1199.5700150080174
1410, 1199.6833761526182
1411, 1199.7966222121468
1412, 1199.90975330258
1413, 1200.0227695398266
1414, 1200.1356710397276
1415, 1200.2484579180568
1416, 1200.36113029052
1417, 1200.4736882727552
1418, 1200.5861319803334
1419, 1200.6984615287577
1420, 1200.8106770334637
1421, 1200.9227786098184
1422, 1201.0347663731225
1423, 1201.1466404386085
1424, 1201.2584009214409
1425, 1201.3700479367174
1426, 1201.4815815994675
1427, 1201.593002024653
1428, 1201.7043093271682
1429, 1201.8155036218402
1430, 1201.9265850234278
1431, 1202.0375536466222
1432, 1202.1484096060476
1433, 1202.2591530162604
1434, 1202.3697839917484
1435, 1202.4803026469333
1436, 1202.5907090961678
1437, 1202.701003453738
1438, 1202.8111858338611
1439, 1202.9212563506892
1440, 1203.031215118303
1441, 1203.1410622507192
1442, 1203.2507978618842
1443, 1203.3604220656784
1444, 1203.4699349759144
1445, 1203.5793367063354
1446, 1203.6886273706202
1447, 1203.7978070823767
1448, 1203.9068759551474
1449, 1204.0158341024064
1450, 1204.1246816375594
1451, 1204.2334186739456
1452, 1204.3420453248361
1453, 1204.4505617034356
1454, 1204.5589679228776
1455, 1204.6672640962324
1456, 1204.7754503365002
1457, 1204.883526756613
1458, 1204.9914934694375
1459, 1205.0993505877707
1460, 1205.207098224343
1461, 1205.3147364918166
1462, 1205.4222655027866
1463, 1205.5296853697803
1464, 1205.6369962052568
1465, 1205.7441981216086
1466, 1205.8512912311596
1467, 1205.9582756461666
1468, 1206.065151478819
1469, 1206.1719188412383
1470, 1206.278577845477
1471, 1206.385128603523
1472, 1206.4915712272937
1473, 1206.59790582864
1474, 1206.7041325193456
1475, 1206.8102514111263
1476, 1206.9162626156294
1477, 1207.0221662444358
1478, 1207.1279624090578
1479, 1207.233651220941
1480, 1207.3392327914626
1481, 1207.4447072319322
1482, 1207.5500746535924
1483, 1207.6553351676177
1484, 1207.7604888851151
1485, 1207.8655359171237
1486, 1207.970476374615
1487, 1208.075310368493
1488, 1208.180038009595
1489, 1208.2846594086886
1490, 1208.389174676476
1491, 1208.49358392359
1492, 1208.5978872605965
1493, 1208.702084797994
1494, 1208.806176646213
1495, 1208.9101629156166
1496, 1209.0140437165
1497, 1209.1178191590911
1498, 1209.2214893535497
1499, 1209.3250544099683
1500, 1209.4285144383716
1501, 1209.5318695487176
1502, 1209.6351198508953
1503, 1209.738265454726
1504, 1209.8413064699646
1505, 1209.9442430062977
1506, 1210.0470751733449
1507, 1210.1498030806565
1508, 1210.2524268377172
1509, 1210.3549465539425
1510, 1210.4573623386816
1511, 1210.5596743012143
1512, 1210.6618825507544
1513, 1210.7639871964477
1514, 1210.865988347372
1515, 1210.9678861125376
1516, 1211.0696806008868
1517, 1211.1713719212953
1518, 1211.2729601825708
1519, 1211.3744454934524
1520, 1211.475827962612
1521, 1211.5771076986548
1522, 1211.6782848101177
1523, 1211.7793594054701
1524, 1211.8803315931132
1525, 1211.981201481381
1526, 1212.0819691785402
1527, 1212.1826347927895
1528, 1212.2831984322595
1529, 1212.3836602050142
1530, 1212.4840202190494
1531, 1212.5842785822933
1532, 1212.6844354026064
1533, 1212.784490787782
1534, 1212.8844448455445
1535, 1212.9842976835525
1536, 1213.0840494093957
1537, 1213.1837001305967
1538, 1213.2832499546098
1539, 1213.3826989888228
1540, 1213.482047340555
1541, 1213.5812951170583
1542, 1213.6804424255163
1543, 1213.7794893730472
1544, 1213.8784360666984
1545, 1213.9772826134522
1546, 1214.0760291202214
1547, 1214.1746756938537
1548, 1214.2732224411259
1549, 1214.3716694687496
1550, 1214.4700168833683
1551, 1214.5682647915567
1552, 1214.6664132998233
1553, 1214.7644625146086
1554, 1214.862412542285
1555, 1214.9602634891573
1556, 1215.058015461463
1557, 1215.1556685653723
1558, 1215.2532229069873
1559, 1215.3506785923423
1560, 1215.4480357274037
1561, 1215.5452944180718
1562, 1215.642454770177
1563, 1215.7395168894843
1564, 1215.83648088169
1565, 1215.9333468524221
1566, 1216.0301149072418
1567, 1216.1267851516436
1568, 1216.2233576910521
1569, 1216.3198326308254
1570, 1216.4162100762555
1571, 1216.5124901325642
1572, 1216.6086729049064
1573, 1216.7047584983707
1574, 1216.800747017977
1575, 1216.8966385686774
1576, 1216.9924332553567
1577, 1217.0881311828325
1578, 1217.1837324558533
1579, 1217.2792371791015
1580, 1217.3746454571917
1581, 1217.46995739467
1582, 1217.5651730960162
1583, 1217.6602926656406
1584, 1217.755316207887
1585, 1217.850243827032
1586, 1217.9450756272838
1587, 1218.0398117127831
1588, 1218.134452187603
1589, 1218.22899715575
1590, 1218.3234467211605
1591, 1218.4178009877055
1592, 1218.5120600591883
1593, 1218.6062240393428
1594, 1218.700293031837
1595, 1218.7942671402704
1596, 1218.8881464681751
1597, 1218.981931119016
1598, 1219.0756211961893
1599, 1219.1692168030252
1600, 1219.2627180427844
1601, 1219.356125018661
1602, 1219.4494378337813
1603, 1219.5426565912044
1604, 1219.6357813939208
1605, 1219.7288123448548
1606, 1219.8217495468614
1607, 1219.9145931027283
1608, 1220.0073431151775
1609, 1220.0999996868607
1610, 1220.1925629203633
1611, 1220.2850329182038
1612, 1220.3774097828316
1613, 1220.4696936166288
1614, 1220.5618845219105
1615, 1220.6539826009234
1616, 1220.745987955848
1617, 1220.8379006887947
1618, 1220.9297209018082
1619, 1221.021448696866
1620, 1221.1130841758759
1621, 1221.2046274406798
1622, 1221.2960785930509
1623, 1221.387437734696
1624, 1221.4787049672534
1625, 1221.5698803922928
1626, 1221.6609641113184
1627, 1221.7519562257655
1628, 1221.8428568370018
1629, 1221.9336660463275
1630, 1222.0243839549755
1631, 1222.1150106641105
1632, 1222.2055462748303
1633, 1222.2959908881644
1634, 1222.3863446050743
1635, 1222.4766075264556
1636, 1222.5667797531344
1637, 1222.656861385869
1638, 1222.746852525353
1639, 1222.836753272209
1640, 1222.9265637269934
1641, 1223.0162839901952
1642, 1223.1059141622352
1643, 1223.195454343467
1644, 1223.2849046341757
1645, 1223.3742651345808
1646, 1223.4635359448316
1647, 1223.552717165011
1648, 1223.6418088951348
1649, 1223.7308112351507
1650, 1223.8197242849383
1651, 1223.9085481443092
1652, 1223.9972829130097
1653, 1224.0859286907157
1654, 1224.174485577037
1655, 1224.2629536715158
1656, 1224.3513330736257
1657, 1224.439623882773
1658, 1224.5278261982976
1659, 1224.6159401194702
1660, 1224.7039657454943
1661, 1224.791903175506
1662, 1224.879752508574
1663, 1224.9675138436985
1664, 1225.0551872798133
1665, 1225.1427729157833
1666, 1225.2302708504071
1667, 1225.317681182414
1668, 1225.4050040104673
1669, 1225.4922394331613
1670, 1225.5793875490237
1671, 1225.6664484565144
1672, 1225.7534222540253
1673, 1225.8403090398806
1674, 1225.9271089123372
1675, 1226.0138219695848
1676, 1226.1004483097436
1677, 1226.186988030869
1678, 1226.2734412309467
1679, 1226.3598080078953
1680, 1226.4460884595655
1681, 1226.532282683741
1682, 1226.6183907781376
1683, 1226.7044128404032
1684, 1226.7903489681187
1685, 1226.8761992587965
1686, 1226.9619638098816
1687, 1227.0476427187516
1688, 1227.1332360827178
1689, 1227.2187439990207
1690, 1227.3041665648357
1691, 1227.3895038772703
1692, 1227.4747560333628
1693, 1227.5599231300862
1694, 1227.6450052643445
1695, 1227.730002532973
1696, 1227.814915032742
1697, 1227.899742860352
1698, 1227.9844861124368
1699, 1228.0691448855623
1700, 1228.153719276227
1701, 1228.2382093808617
1702, 1228.3226152958293
1703, 1228.4069371174255
1704, 1228.4911749418773
1705, 1228.5753288653464
1706, 1228.6593989839241
1707, 1228.7433853936357
1708, 1228.8272881904384
1709, 1228.9111074702225
1710, 1228.994843328809
1711, 1229.0784958619536
1712, 1229.1620651653413
1713, 1229.2455513345926
1714, 1229.328954465259
1715, 1229.412274652824
1716, 1229.4955119927035
1717, 1229.5786665802468
1718, 1229.661738510734
1719, 1229.7447278793798
1720, 1229.8276347813285
1721, 1229.910459311659
1722, 1229.9932015653815
1723, 1230.0758616374385
1724, 1230.1584396227058
1725, 1230.2409356159908
1726, 1230.3233497120334
1727, 1230.4056820055055
1728, 1230.4879325910117
1729, 1230.5701015630896
1730, 1230.6521890162091
1731, 1230.7341950447703
1732, 1230.8161197431084
1733, 1230.8979632054898
1734, 1230.979725526113
1735, 1231.0614067991094
1736, 1231.143007118543
1737, 1231.2245265784095
1738, 1231.3059652726365
1739, 1231.3873232950862
1740, 1231.4686007395503
1741, 1231.5497976997551
1742, 1231.6309142693578
1743, 1231.7119505419491
1744, 1231.792906611051
1745, 1231.8737825701182
1746, 1231.9545785125395
1747, 1232.0352945316326
1748, 1232.115930720651
1749, 1232.196487172778
1750, 1232.276963981131
1751, 1232.357361238759
1752, 1232.4376790386432
1753, 1232.5179174736975
1754, 1232.5980766367684
1755, 1232.6781566206346
1756, 1232.758157518006
1757, 1232.838079421527
1758, 1232.917922423773
1759, 1232.9976866172522
1760, 1233.0773720944046
1761, 1233.1569789476032
1762, 1233.2365072691534
1763, 1233.3159571512927
1764, 1233.3953286861902
1765, 1233.474621965949
1766, 1233.5538370826032
1767, 1233.6329741281202
1768, 1233.7120331943995
1769, 1233.791014373272
1770, 1233.8699177565027
1771, 1233.9487434357877
1772, 1234.0274915027558
1773, 1234.106162048968
1774, 1234.1847551659182
1775, 1234.2632709450324
1776, 1234.3417094776685
1777, 1234.4200708551173
1778, 1234.4983551686023
1779, 1234.5765625092786
1780, 1234.6546929682331
1781, 1234.7327466364873
1782, 1234.8107236049932
1783, 1234.8886239646356
1784, 1234.966447806232
1785, 1235.0441952205317
1786, 1235.1218662982167
1787, 1235.1994611299008
1788, 1235.2769798061317
1789, 1235.3544224173884
1790, 1235.4317890540815
1791, 1235.509079806556
1792, 1235.586294765087
1793, 1235.663434019884
1794, 1235.740497661087
1795, 1235.8174857787697
1796, 1235.8943984629377
1797, 1235.9712358035292
1798, 1236.0479978904143
1799, 1236.1246848133965
1800, 1236.2012966622096
1801, 1236.2778335265223
1802, 1236.3542954959341
1803, 1236.4306826599775
1804, 1236.5069951081161
1805, 1236.5832329297475
1806, 1236.6593962142008
1807, 1236.7354850507384
1808, 1236.8114995285544
1809, 1236.8874397367738
1810, 1236.9633057644567
1811, 1237.0390977005943
1812, 1237.1148156341094
1813, 1237.190459653858
1814, 1237.266029848629
1815, 1237.3415263071427
1816, 1237.4169491180517
1817, 1237.492298369942
1818, 1237.5675741513312
1819, 1237.6427765506692
1820, 1237.7179056563382
1821, 1237.7929615566543
1822, 1237.8679443398632
1823, 1237.9428540941453
1824, 1238.0176909076122
1825, 1238.092454868309
1826, 1238.167146064211
1827, 1238.2417645832288
1828, 1238.3163105132028
1829, 1238.390783941907
1830, 1238.4651849570473
1831, 1238.539513646263
1832, 1238.6137700971244
1833, 1238.687954397135
1834, 1238.7620666337302
1835, 1238.8361068942781
1836, 1238.9100752660793
1837, 1238.9839718363658
1838, 1239.0577966923038
1839, 1239.1315499209895
1840, 1239.2052316094544
1841, 1239.2788418446587
1842, 1239.3523807134984
1843, 1239.4258483028
1844, 1239.4992446993228
1845, 1239.572569989759
1846, 1239.6458242607314
1847, 1239.7190075987971
1848, 1239.7921200904455
1849, 1239.8651618220963
1850, 1239.9381328801046
1851, 1240.011033350755
1852, 1240.083863320267
1853, 1240.15662287479
1854, 1240.2293121004075
1855, 1240.301931083135
1856, 1240.37447990892
1857, 1240.4469586636424
1858, 1240.5193674331153
1859, 1240.5917063030831
1860, 1240.6639753592224
1861, 1240.736174687144
1862, 1240.8083043723893
1863, 1240.8803645004316
1864, 1240.952355156679
1865, 1241.0242764264697
1866, 1241.096128395076
1867, 1241.1679111477001
1868, 1241.2396247694799
1869, 1241.3112693454823
1870, 1241.3828449607092
1871, 1241.4543517000932
1872, 1241.5257896485007
1873, 1241.5971588907291
1874, 1241.6684595115087
1875, 1241.7396915955023
1876, 1241.810855227305
1877, 1241.8819504914443
1878, 1241.95297747238
1879, 1242.023936254504
1880, 1242.0948269221412
1881, 1242.1656495595482
1882, 1242.236404250915
1883, 1242.3070910803622
1884, 1242.3777101319447
1885, 1242.4482614896476
1886, 1242.5187452373914
1887, 1242.5891614590257
1888, 1242.6595102383355
1889, 1242.729791659035
1890, 1242.8000058047735
1891, 1242.8701527591313
1892, 1242.9402326056213
1893, 1243.010245427689
1894, 1243.0801913087116
1895, 1243.1500703319994
1896, 1243.2198825807952
1897, 1243.2896281382739
1898, 1243.359307087542
1899, 1243.4289195116387
1900, 1243.4984654935374
1901, 1243.5679451161411
1902, 1243.6373584622868
1903, 1243.7067056147434
1904, 1243.7759866562126
1905, 1243.8452016693275
1906, 1243.9143507366548
1907, 1243.9834339406927
1908, 1244.0524513638723
1909, 1244.1214030885565
1910, 1244.190289197041
1911, 1244.2591097715535
1912, 1244.3278648942548
1913, 1244.3965546472373
1914, 1244.465179112526
1915, 1244.5337383720782
1916, 1244.602232507784
1917, 1244.6706616014656
1918, 1244.7390257348768
1919, 1244.8073249897052
1920, 1244.8755594475695
1921, 1244.9437291900224
1922, 1245.0118342985465
1923, 1245.0798748545587
1924, 1245.1478509394083
1925, 1245.2157626343753
1926, 1245.2836100206744
1927, 1245.35139317945
1928, 1245.4191121917813
1929, 1245.486767138679
1930, 1245.5543581010854
1931, 1245.621885159876
1932, 1245.6893483958586
1933, 1245.756747889773
1934, 1245.8240837222918
1935, 1245.8913559740195
1936, 1245.9585647254935
1937, 1246.0257100571835
1938, 1246.0927920494905
1939, 1246.1598107827494
1940, 1246.2267663372277
1941, 1246.293658793122
1942, 1246.360488230566
1943, 1246.4272547296223
1944, 1246.493958370287
1945, 1246.5605992324886
1946, 1246.6271773960877
1947, 1246.693692940878
1948, 1246.760145946585
1949, 1246.826536492866
1950, 1246.892864659312
1951, 1246.959130525445
1952, 1247.02533417072
1953, 1247.091475674525
1954, 1247.15755511618
1955, 1247.223572574936
1956, 1247.2895281299782
1957, 1247.3554218604236
1958, 1247.421253845321
1959, 1247.4870241636522
1960, 1247.5527328943303
1961, 1247.6183801162035
1962, 1247.6839659080492
1963, 1247.7494903485783
1964, 1247.8149535164346
1965, 1247.8803554901942
1966, 1247.9456963483647
1967, 1248.0109761693868
1968, 1248.076195031634
1969, 1248.1413530134107
1970, 1248.2064501929551
1971, 1248.2714866484366
1972, 1248.3364624579583
1973, 1248.4013776995546
1974, 1248.4662324511924
1975, 1248.5310267907714
1976, 1248.5957607961234
1977, 1248.6604345450125
1978, 1248.725048115136
1979, 1248.7896015841218
1980, 1248.8540950295312
1981, 1248.918528528859
1982, 1248.98290215953
1983, 1249.0472159989035
1984, 1249.1114701242702
1985, 1249.1756646128529
1986, 1249.2397995418069
1987, 1249.3038749882203
1988, 1249.367891029114
1989, 1249.4318477414397
1990, 1249.4957452020828
1991, 1249.559583487861
1992, 1249.6233626755236
1993, 1249.687082841752
1994, 1249.750744063162
1995, 1249.8143464163
1996, 1249.8778899776444
1997, 1249.941374823608
1998, 1250.0048010305334
1999, 1250.0681686746984
