273, 713.3331851973214
274, 713.4308395809588
275, 713.5287065648695
276, 713.6267879078969
277, 713.7250853604412
278, 713.823600664459
279, 713.9223355534632
280, 714.0212917525238
281, 714.1204709782668
282, 714.2198749388747
283, 714.3195053340871
284, 714.4193638551992
285, 714.5194521850639
286, 714.6197719980892
287, 714.7203249602411
288, 714.8211127290408
289, 714.9221369535668
290, 715.0233992744545
291, 715.1249013238943
292, 715.2266447256347
293, 715.32863109498
294, 715.4308620387914
295, 715.5333391554854
296, 715.6360640350366
297, 715.7390382589758
298, 715.8422634003895
299, 715.9457410239213
300, 716.0494726857713
301, 716.1534599336959
302, 716.2577043070085
303, 716.3622073365784
304, 716.4669705448316
305, 716.5719954457513
306, 716.677283544876
307, 716.7828363393018
308, 716.8886553176806
309, 716.9947419602213
310, 717.1010977386892
311, 717.2077241164058
312, 717.3146225482494
313, 717.4217944806551
314, 717.5292413516138
315, 717.6369645906736
316, 717.7449656189389
317, 717.8532458490702
318, 717.9618066852851
319, 718.0706495233578
320, 718.1797757506181
321, 718.2891867459534
322, 718.3988838798069
323, 718.508868514179
324, 718.6191420026256
325, 718.7297056902603
326, 718.8405609137525
327, 718.9517090013277
328, 719.0631512727692
329, 719.1748890394157
330, 719.2869236041628
331, 719.3992562614633
332, 719.5118882973247
333, 719.6248209893133
334, 719.7380556065501
335, 719.8515934097136
336, 719.9654356510385
337, 720.079583574316
338, 720.1940384148937
339, 720.3088013996763
340, 720.4238737471242
341, 720.5392566672551
342, 720.6549513616426
343, 720.770959023417
344, 720.8872808372657
345, 721.0039179794315
346, 721.1208716177149
347, 721.2381429114719
348, 721.3557330116154
349, 721.4736430606152
350, 721.5918741924976
351, 721.710427532844
352, 721.829304198795
353, 721.9485052990447
354, 722.068031933846
355, 722.1878851950073
356, 722.308066165894
357, 722.4285759214274
358, 722.549415528086
359, 722.670586043904
360, 722.7920885184728
361, 722.9139239929407
362, 723.0360935000111
363, 723.158598063945
364, 723.2814387005599
365, 723.4046164172294
366, 723.5281322128841
367, 723.6519870780105
368, 723.7761819946522
369, 723.9007179364088
370, 724.0255958684371
371, 724.1508167474498
372, 724.2763815217163
373, 724.4022911310628
374, 724.5285465068715
375, 724.6551485720812
376, 724.7820982411879
377, 724.9093964202434
378, 725.0370440068561
379, 725.1650418901917
380, 725.293390950971
381, 725.4220920614728
382, 725.5511460855308
383, 725.6805538785375
384, 725.8103162874394
385, 725.940434150741
386, 726.0709082985037
387, 726.2017395523437
388, 726.3329287254355
389, 726.4644766225088
390, 726.5963840398507
391, 726.7286517653044
392, 726.8612805782702
393, 726.9942712497038
394, 727.1276245421186
395, 727.2613412095835
396, 727.3954219977246
397, 727.5298676437245
398, 727.664678876322
399, 727.7998564158124
400, 727.9354009740479
401, 728.0713132544371
402, 728.2075939519448
403, 728.3442437530928
404, 728.4812633359585
405, 728.6186533701772
406, 728.75641451694
407, 728.8945474289941
408, 729.033052750644
409, 729.1719311177502
410, 729.3111831577296
411, 729.4508094895564
412, 729.5908107237607
413, 729.7311874624287
414, 729.8719402992042
415, 730.0130698192871
416, 730.1545765994334
417, 730.2964612079562
418, 730.4387242047242
419, 730.5813661411637
420, 730.7243875602575
421, 730.8677889965437
422, 731.0115709761182
423, 731.1557340166326
424, 731.3002786272957
425, 731.4452053088723
426, 731.5905145536838
427, 731.7362068456084
428, 731.8822826600808
429, 732.0287424640917
430, 732.1755867161885
431, 732.3228158664758
432, 732.4704303566141
433, 732.6184306198202
434, 732.766817080868
435, 732.9155901560875
436, 733.0647502533658
437, 733.2142977721459
438, 733.364233103427
439, 733.5145566297662
440, 733.6652687252756
441, 733.8163697556249
442, 733.9678600780396
443, 734.1197400413023
444, 734.2720099857517
445, 734.4246702432832
446, 734.5777211373486
447, 734.7311629829564
448, 734.8849960866717
449, 735.0392207466153
450, 735.1938372524662
451, 735.3488458854576
452, 735.5042469183817
453, 735.6600406155853
454, 735.8162272329727
455, 735.9728070180045
456, 736.1297802096973
457, 736.2871470386252
458, 736.4449077269184
459, 736.6030624882629
460, 736.7616115279026
461, 736.9205550426369
462, 737.0798932208216
463, 737.2396262423704
464, 737.3997542787515
465, 737.5602774929911
466, 737.7211960396712
467, 737.8825100649311
468, 738.0442197064659
469, 738.2063250935272
470, 738.3688263469234
471, 738.5317235790199
472, 738.6950168937371
473, 738.8587063865541
474, 739.0227921445045
475, 739.1872742461793
476, 739.3521527617262
477, 739.517427752849
478, 739.6830992728087
479, 739.8491673664219
480, 740.015632070062
481, 740.1824934116592
482, 740.3497514107005
483, 740.5174060782283
484, 740.6854574168427
485, 740.8539054206997
486, 741.0227500755121
487, 741.191991358549
488, 741.3616292386358
489, 741.5316636761554
490, 741.7020946230459
491, 741.8729220228032
492, 742.0441458104781
493, 742.2157659126798
494, 742.3877822475729
495, 742.5601947248786
496, 742.7330032458744
497, 742.9062077033957
498, 743.0798079818323
499, 743.2538039571323
500, 743.4281954967996
501, 743.6029824598944
502, 743.7781646970335
503, 743.953742050391
504, 744.1297143536967
505, 744.3060814322367
506, 744.4828431028544
507, 744.6599991739495
508, 744.8375494454777
509, 745.0154937089522
510, 745.1938317474417
511, 745.3725633355716
512, 745.5516882395249
513, 745.7312062170395
514, 745.9111170174109
515, 746.0914203814908
516, 746.2721160416878
517, 746.4532037219662
518, 746.6346831378474
519, 746.8165539964093
520, 746.998815996286
521, 747.1814688276687
522, 747.3645121723047
523, 747.5479457034975
524, 747.7317690861081
525, 747.9159819765531
526, 748.1005840228058
527, 748.2855748643962
528, 748.4709541324111
529, 748.656721449493
530, 748.8428764298421
531, 749.029418679214
532, 749.2163477949214
533, 749.4036633658332
534, 749.5913649723752
535, 749.7794521865293
536, 749.9679245718341
537, 750.1567816833855
538, 750.3460230678344
539, 750.5356482633889
540, 750.7256567998144
541, 750.9160481984317
542, 751.1068219721184
543, 751.2979776253092
544, 751.4895146539949
545, 751.6814325457221
546, 751.8737307795956
547, 752.0664088262752
548, 752.2594661479777
549, 752.452902198477
550, 752.6467164231024
551, 752.8409082587407
552, 753.0354771338349
553, 753.2304224683843
554, 753.4257436739447
555, 753.6214401536291
556, 753.8175113021064
557, 754.0139565056015
558, 754.2107751418973
559, 754.4079665803322
560, 754.6055301818012
561, 754.8034652987559
562, 755.0017712752045
563, 755.2004474467113
564, 755.399493140398
565, 755.5989076749422
566, 755.7986903605783
567, 755.9988404990963
568, 756.1993573838444
569, 756.4002402997257
570, 756.6014885232009
571, 756.8031013222867
572, 757.0050779565561
573, 757.2074176771396
574, 757.4101197267228
575, 757.6131833395497
576, 757.8166077414188
577, 758.020392149686
578, 758.2245357732648
579, 758.4290378126228
580, 758.6338974597863
581, 758.8391138983371
582, 759.0446863034147
583, 759.2506138417124
584, 759.4568956714826
585, 759.6635309425338
586, 759.8705187962302
587, 760.0778583654927
588, 760.2855487747996
589, 760.4935891401848
590, 760.7019785692387
591, 760.9107161611089
592, 761.1198010064987
593, 761.3292321876688
594, 761.5390087784357
595, 761.749129844173
596, 761.9595944418103
597, 762.1704016198337
598, 762.3815504182861
599, 762.5930398687676
600, 762.8048689944333
601, 763.0170368099957
602, 763.2295423217239
603, 763.4423845274436
604, 763.6555624165364
605, 763.8690749699407
606, 764.0829211601517
607, 764.2970999512211
608, 764.5116102987566
609, 764.7264511499228
610, 764.9416214434412
611, 765.1571201095888
612, 765.3729460702004
613, 765.5890982386661
614, 765.8055755199332
615, 766.0223768105054
616, 766.2395009984428
617, 766.4569469633626
618, 766.6747135764375
619, 766.8927997003974
620, 767.1112041895288
621, 767.3299258896741
622, 767.548963638233
623, 767.7683162641608
624, 767.9879825879705
625, 768.2079614217308
626, 768.4282515690669
627, 768.648851825161
628, 768.8697609767511
629, 769.0909778021327
630, 769.3125010711568
631, 769.5343295452313
632, 769.7564619773216
633, 769.9788971119478
634, 770.201633685188
635, 770.4246704246759
636, 770.6480060496021
637, 770.871639270714
638, 771.0955687903152
639, 771.3197933022656
640, 771.5443114919822
641, 771.7691220364378
642, 771.9942236041627
643, 772.2196148552422
644, 772.4452944413199
645, 772.6712610055947
646, 772.8975131828225
647, 773.1240495993154
648, 773.3508688729424
649, 773.5779696131286
650, 773.8053504208568
651, 774.0330098886641
652, 774.2609466006463
653, 774.4891591324543
654, 774.7176460512961
655, 774.9464059159366
656, 775.1754372766961
657, 775.4047386754529
658, 775.6343086456405
659, 775.86414571225
660, 776.0942483918273
661, 776.3246151924768
662, 776.5552446138588
663, 776.7861351471897
664, 777.0172852752424
665, 777.2486934723465
666, 777.4803582043886
667, 777.712277928811
668, 777.9444510946134
669, 778.1768761423509
670, 778.4095515041363
671, 778.6424756036382
672, 778.8756468560816
673, 779.109063668249
674, 779.342724438478
675, 779.5766275566639
676, 779.8107714042579
677, 780.0451543542681
678, 780.2797747712583
679, 780.5146310113502
680, 780.749721422221
681, 780.9850443431043
682, 781.2205981047912
683, 781.456381029628
684, 781.6923914315188
685, 781.9286276159239
686, 782.165087879859
687, 782.4017705118977
688, 782.6386737921694
689, 782.8757959923605
690, 783.1131353757137
691, 783.3506901970278
692, 783.5884587026586
693, 783.8264391305183
694, 784.0646297100758
695, 784.3030286623563
696, 784.5416341999415
697, 784.7804445269694
698, 785.0194578391357
699, 785.2586723236902
700, 785.4980861594424
701, 785.7376975167554
702, 785.9775045575511
703, 786.2175054353061
704, 786.4576982950548
705, 786.698081273387
706, 786.9386524984503
707, 787.1794100899481
708, 787.4203521591402
709, 787.6614768088431
710, 787.9027821334304
711, 788.1442662188305
712, 788.3859271425308
713, 788.6277629735728
714, 788.8697717725562
715, 789.1119515916366
716, 789.3543004745261
717, 789.5968164564931
718, 789.8394975643632
719, 790.0823418165176
720, 790.3253472228953
721, 790.5685117849905
722, 790.8118334958546
723, 791.0553103400952
724, 791.2989402938773
725, 791.5427213249211
726, 791.7866513925036
727, 792.0307284474594
728, 792.2749504321786
729, 792.5193152806082
730, 792.7638209182516
731, 793.0084652621684
732, 793.2532462209756
733, 793.4981616948461
734, 793.743209575509
735, 793.9883877462509
736, 794.2336940819138
737, 794.479126448897
738, 794.724682705156
739, 794.9703607002032
740, 795.2161582751067
741, 795.4620732624923
742, 795.7081034865411
743, 795.9542467629915
744, 796.2005008991384
745, 796.4468636938325
746, 796.6933329374822
747, 796.9399064120511
748, 797.1865818910604
749, 797.4333571395871
750, 797.6802299142653
751, 797.9271979632854
752, 798.1742590263939
753, 798.4214108348945
754, 798.6686511116471
755, 798.9159775710674
756, 799.1633879191295
757, 799.4108798533621
758, 799.6584510628513
759, 799.9060992282399
760, 800.1538220217262
761, 800.4016171070665
762, 800.6494821395726
763, 800.8974147661129
764, 801.1454126251123
765, 801.3934733465528
766, 801.6415945519726
767, 801.8897738544662
768, 802.1380088586845
769, 802.3862971608356
770, 802.6346363486838
771, 802.8830240015495
772, 803.1314576903095
773, 803.3799349773986
774, 803.6284534168065
775, 803.8770105540798
776, 804.1256039263226
777, 804.3742310621939
778, 804.6228894819104
779, 804.8715766972452
780, 805.1202902115273
781, 805.3690275196428
782, 805.617786108034
783, 805.8665634547003
784, 806.115357029197
785, 806.364164292636
786, 806.6129826976857
787, 806.8618096885714
788, 807.1106427010741
789, 807.3594791625327
790, 807.6083164918415
791, 807.8571520994511
792, 808.1059833873701
793, 808.3548077491619
794, 808.6036225699469
795, 808.8524252264034
796, 809.1012130867643
797, 809.34998351082
798, 809.5987338499173
799, 809.8474614469593
800, 810.0961636364062
801, 810.3448377442741
802, 810.5934810881357
803, 810.8420909771202
804, 811.0906647119141
805, 811.3391995847596
806, 811.5876928794548
807, 811.8361418713562
808, 812.084543827375
809, 812.3328960059803
810, 812.5811956571966
811, 812.8294400226058
812, 813.0776263353455
813, 813.3257518201103
814, 813.5738136931517
815, 813.8218091622768
816, 814.0697354268501
817, 814.317589677792
818, 814.5653690975794
819, 814.8130708602467
820, 815.0606921313832
821, 815.3082300681363
822, 815.5556818192089
823, 815.8030445248606
824, 816.0503153169083
825, 816.2974913187239
826, 816.5445696452375
827, 816.7915474029343
828, 817.0384216898572
829, 817.2851895956045
830, 817.5318482013316
831, 817.778394579751
832, 818.0248257951305
833, 818.2711389032954
834, 818.5173309516273
835, 818.7633989790638
836, 819.0093400160991
837, 819.255151084785
838, 819.5008291987286
839, 819.746371363094
840, 819.9917745746022
841, 820.2370358215297
842, 820.4821520837102
843, 820.7271203325336
844, 820.9719375309473
845, 821.2166006334539
846, 821.4611065861134
847, 821.7054523265417
848, 821.9496347839118
849, 822.1936508789529
850, 822.4374975239506
851, 822.6811716227478
852, 822.9246700707422
853, 823.1679897548901
854, 823.4111275537028
855, 823.6540803372487
856, 823.8968449671529
857, 824.1394182965969
858, 824.3817971703188
859, 824.6239784246122
860, 824.8659588873286
861, 825.1077353778758
862, 825.3493047072175
863, 825.5906636778736
864, 825.8318090839227
865, 826.0727377109969
866, 826.3134463362868
867, 826.5539317285389
868, 826.7941906480565
869, 827.034219846699
870, 827.2740160678826
871, 827.5135760465807
872, 827.7528965093214
873, 827.9919741741909
874, 828.2308057508318
875, 828.4693879404417
876, 828.7077174357775
877, 828.9457909211498
878, 829.1836050724274
879, 829.421156557035
880, 829.658442033954
881, 829.8954581537221
882, 830.1322015584341
883, 830.3686688817403
884, 830.6048567488491
885, 830.8407617765232
886, 831.0763805730841
887, 831.3117097384085
888, 831.5467458639292
889, 831.7814855326376
890, 832.0159253190792
891, 832.2500617893572
892, 832.4838915011317
893, 832.717411003618
894, 832.9506168375897
895, 833.1835055353752
896, 833.4160736208604
897, 833.6483176094875
898, 833.8802340082553
899, 834.1118193157191
900, 834.3430700219901
901, 834.5739826087374
902, 834.804553549185
903, 835.0347793081146
904, 835.264656341864
905, 835.4941810983277
906, 835.7233500169559
907, 835.9521595287567
908, 836.1806060562939
909, 836.4086860136873
910, 836.6363958066152
911, 836.8637318323092
912, 837.0906904795606
913, 837.3172681287156
914, 837.5434611516771
915, 837.7692659119045
916, 837.9946787644145
917, 838.2196960557792
918, 838.4443141241277
919, 838.6685292991455
920, 838.8923379020749
921, 839.1157362457146
922, 839.3387206344197
923, 839.5612873641022
924, 839.7834327222296
925, 840.0051529878273
926, 840.2264444314762
927, 840.447303315314
928, 840.6677258930358
929, 840.8877084098913
930, 841.1072471026887
931, 841.326338199791
932, 841.5449779211193
933, 841.7631624781502
934, 841.9808880739172
935, 842.1981509030103
936, 842.4149471515753
937, 842.6312729973159
938, 842.8471246094917
939, 843.0624981489184
940, 843.2773897679681
941, 843.4917956105702
942, 843.7057118122109
943, 843.9191344999316
944, 844.1320597923301
945, 844.3444837995636
946, 844.5564026233421
947, 844.767812356934
948, 844.9787090851645
949, 845.1890888844144
950, 845.3989478226217
951, 845.6082819592804
952, 845.8170873454412
953, 846.0253600237118
954, 846.2330960282554
955, 846.440291384793
956, 846.6469421106005
957, 846.8530442145127
958, 847.0585936969183
959, 847.2635865497638
960, 847.4680187565523
961, 847.6718862923436
962, 847.875185123753
963, 848.0779112089535
964, 848.280060497674
965, 848.4816289311998
966, 848.682612442373
967, 848.8830069555925
968, 849.0828083868125
969, 849.2820126435454
970, 849.4806156248593
971, 849.6786132213783
972, 849.876001315284
973, 850.072775780314
974, 850.2689324817624
975, 850.4644672764799
976, 850.6593760128737
977, 850.8536545309075
978, 851.047298662102
979, 851.2403042295335
980, 851.4326670478355
981, 851.6243829231975
982, 851.8154476533666
983, 852.0058570276449
984, 852.1956068268926
985, 852.3846928235242
986, 852.5731107815137
987, 852.760856456389
988, 852.9479255952365
989, 853.1343139366969
990, 853.3200172109697
991, 853.5050311398097
992, 853.6893514365282
993, 853.8729738059936
994, 854.0558939446304
995, 854.2381075404196
996, 854.4196102728989
997, 854.600397813162
998, 854.78046582386
999, 854.9598099592007
1000, 855.1384258649464
1001, 855.3096774234275
1002, 855.4804410951957
1003, 855.651036720527
1004, 855.8214644429917
1005, 855.9917244060922
1006, 856.1618167532638
1007, 856.3317416278742
1008, 856.5014991732228
1009, 856.6710895325425
1010, 856.8405128489981
1011, 857.0097692656857
1012, 857.1788589256356
1013, 857.3477819718091
1014, 857.5165385471006
1015, 857.685128794336
1016, 857.8535528562744
1017, 858.0218108756077
1018, 858.1899029949587
1019, 858.3578293568837
1020, 858.5255901038712
1021, 858.693185378341
1022, 858.8606153226473
1023, 859.0278800790752
1024, 859.1949797898419
1025, 859.3619145970978
1026, 859.5286846429261
1027, 859.6952900693411
1028, 859.86173101829
1029, 860.0280076316529
1030, 860.1941200512413
1031, 860.3600684187999
1032, 860.5258528760053
1033, 860.691473564467
1034, 860.8569306257253
1035, 861.0222242012554
1036, 861.1873544324629
1037, 861.352321460686
1038, 861.5171254271969
1039, 861.6817664731976
1040, 861.8462447398243
1041, 862.0105603681451
1042, 862.1747134991606
1043, 862.3387042738025
1044, 862.5025328329375
1045, 862.6661993173624
1046, 862.8297038678064
1047, 862.993046624933
1048, 863.1562277293358
1049, 863.3192473215428
1050, 863.4821055420124
1051, 863.6448025311366
1052, 863.8073384292397
1053, 863.969713376578
1054, 864.1319275133407
1055, 864.2939809796485
1056, 864.455873915555
1057, 864.6176064610466
1058, 864.7791787560413
1059, 864.9405909403893
1060, 865.1018431538744
1061, 865.2629355362116
1062, 865.4238682270486
1063, 865.584641365966
1064, 865.7452550924756
1065, 865.905709546023
1066, 866.0660048659848
1067, 866.2261411916708
1068, 866.3861186623235
1069, 866.5459374171166
1070, 866.7055975951567
1071, 866.8650993354836
1072, 867.0244427770685
1073, 867.1836280588145
1074, 867.342655319559
1075, 867.5015246980694
1076, 867.6602363330471
1077, 867.8187903631255
1078, 867.9771869268703
1079, 868.1354261627794
1080, 868.2935082092828
1081, 868.4514332047438
1082, 868.6092012874575
1083, 868.766812595651
1084, 868.9242672674844
1085, 869.0815654410497
1086, 869.2387072543719
1087, 869.395692845408
1088, 869.5525223520467
1089, 869.7091959121104
1090, 869.8657136633524
1091, 870.0220757434599
1092, 870.1782822900514
1093, 870.334333440678
1094, 870.4902293328231
1095, 870.6459701039025
1096, 870.8015558912654
1097, 870.9569868321914
1098, 871.1122630638943
1099, 871.2673847235188
1100, 871.4223519481425
1101, 871.5771648747765
1102, 871.7318236403622
1103, 871.8863283817755
1104, 872.0406792358225
1105, 872.1948763392435
1106, 872.3489198287103
1107, 872.5028098408271
1108, 872.6565465121307
1109, 872.8101299790906
1110, 872.9635603781071
1111, 873.116837845515
1112, 873.2699625175799
1113, 873.4229345305005
1114, 873.5757540204077
1115, 873.7284211233646
1116, 873.8809359753672
1117, 874.033298712343
1118, 874.1855094701531
1119, 874.3375683845892
1120, 874.4894755913773
1121, 874.6412312261742
1122, 874.7928354245702
1123, 874.9442883220873
1124, 875.0955900541802
1125, 875.2467407562355
1126, 875.3977405635725
1127, 875.5485896114435
1128, 875.699288035032
1129, 875.8498359694547
1130, 876.0002335497604
1131, 876.1504809109296
1132, 876.3005781878762
1133, 876.4505255154467
1134, 876.6003230284181
1135, 876.7499708615023
1136, 876.8994691493411
1137, 877.0488180265108
1138, 877.1980176275182
1139, 877.3470680868044
1140, 877.4959695387411
1141, 877.6447221176339
1142, 877.7933259577184
1143, 877.9417811931661
1144, 878.0900879580776
1145, 878.2382463864876
1146, 878.3862566123631
1147, 878.5341187696025
1148, 878.6818329920375
1149, 878.8293994134317
1150, 878.9768181674816
1151, 879.1240893878155
1152, 879.2712132079942
1153, 879.4181897615105
1154, 879.5650191817906
1155, 879.7117016021928
1156, 879.8582371560063
1157, 880.0046259764542
1158, 880.1508681966927
1159, 880.2969639498078
1160, 880.44291336882
1161, 880.588716586681
1162, 880.7343737362761
1163, 880.8798849504217
1164, 881.0252503618664
1165, 881.1704701032937
1166, 881.3155443073153
1167, 881.4604731064792
1168, 881.605256633264
1169, 881.7498950200801
1170, 881.894388399272
1171, 882.0387369031143
1172, 882.1829406638162
1173, 882.3269998135177
1174, 882.4709144842918
1175, 882.6146848081443
1176, 882.7583109170124
1177, 882.9017929427665
1178, 883.045131017209
1179, 883.1883252720743
1180, 883.3313758390298
1181, 883.4742828496751
1182, 883.6170464355421
1183, 883.7596667280949
1184, 883.9021438587299
1185, 884.0444779587766
1186, 884.186669159496
1187, 884.3287175920825
1188, 884.4706233876614
1189, 884.6123866772908
1190, 884.7540075919632
1191, 884.8954862626001
1192, 885.0368228200583
1193, 885.1780173951247
1194, 885.3190701185206
1195, 885.4599811208975
1196, 885.6007505328413
1197, 885.7413784848695
1198, 885.8818651074315
1199, 886.0222105309091
1200, 886.162414885618
1201, 886.3024783018036
1202, 886.442400909646
1203, 886.5821828392574
1204, 886.7218242206806
1205, 886.861325183892
1206, 887.000685858801
1207, 887.1399063752485
1208, 887.2789868630078
1209, 887.4179274517845
1210, 887.5567282712174
1211, 887.6953894508765
1212, 887.8339111202655
1213, 887.9722934088186
1214, 888.1105364459042
1215, 888.2486403608216
1216, 888.3866052828045
1217, 888.5244313410163
1218, 888.6621186645549
1219, 888.7996673824497
1220, 888.937077623662
1221, 889.0743495170871
1222, 889.2114831915507
1223, 889.3484787758116
1224, 889.4853363985626
1225, 889.6220561884254
1226, 889.7586382739573
1227, 889.8950827836472
1228, 890.0313898459144
1229, 890.1675595891134
1230, 890.3035921415288
1231, 890.4394876313789
1232, 890.5752461868144
1233, 890.7108679359173
1234, 890.846353006703
1235, 890.9817015271185
1236, 891.116913625044
1237, 891.2519894282913
1238, 891.3869290646053
1239, 891.5217326616623
1240, 891.6564003470713
1241, 891.7909322483746
1242, 891.9253284930463
1243, 892.0595892084918
1244, 892.193714522051
1245, 892.3277045609932
1246, 892.4615594525234
1247, 892.5952793237773
1248, 892.7288643018221
1249, 892.8623145136592
1250, 892.9956300862208
1251, 893.128811146373
1252, 893.2618578209125
1253, 893.3947702365698
1254, 893.5275485200073
1255, 893.6601927978195
1256, 893.7927031965338
1257, 893.9250798426094
1258, 894.0573228624384
1259, 894.1894323823451
1260, 894.3214085285854
1261, 894.4532514273488
1262, 894.5849612047562
1263, 894.7165379868618
1264, 894.8479818996516
1265, 894.9792930690433
1266, 895.1104716208885
1267, 895.2415176809699
1268, 895.372431375003
1269, 895.5032128286364
1270, 895.6338621674495
1271, 895.7643795169552
1272, 895.8947650025978
1273, 896.0250187497559
1274, 896.1551408837388
1275, 896.2851315297881
1276, 896.4149908130787
1277, 896.5447188587173
1278, 896.674315791743
1279, 896.8037817371277
1280, 896.9331168197746
1281, 897.0623211645209
1282, 897.1913948961347
1283, 897.3203381393172
1284, 897.4491510187015
1285, 897.5778336588539
1286, 897.7063861842726
1287, 897.8348087193871
1288, 897.9631013885607
1289, 898.0912643160896
1290, 898.2192976262003
1291, 898.3472014430529
1292, 898.4749758907402
1293, 898.602621093287
1294, 898.7301371746496
1295, 898.8575242587176
1296, 898.9847824693137
1297, 899.1119119301914
1298, 899.2389127650367
1299, 899.3657850974696
1300, 899.4925290510407
1301, 899.6191447492342
1302, 899.7456323154653
1303, 899.8719918730834
1304, 899.9982235453683
1305, 900.1243274555336
1306, 900.2503037267251
1307, 900.3761524820198
1308, 900.5018738444285
1309, 900.6274679368934
1310, 900.7529348822899
1311, 900.8782748034251
1312, 901.0034878230388
1313, 901.1285740638028
1314, 901.2535336483221
1315, 901.3783666991332
1316, 901.5030733387048
1317, 901.6276536894388
1318, 901.7521078736692
1319, 901.8764360136624
1320, 902.0006382316166
1321, 902.1247146496628
1322, 902.248665389865
1323, 902.3724905742181
1324, 902.4961903246508
1325, 902.6197647630235
1326, 902.7432140111289
1327, 902.8665381906923
1328, 902.9897374233707
1329, 903.1128118307553
1330, 903.2357615343668
1331, 903.3585866556615
1332, 903.4812873160254
1333, 903.6038636367782
1334, 903.7263157391712
1335, 903.8486437443897
1336, 903.9708477735496
1337, 904.0929279476993
1338, 904.2148843878205
1339, 904.3367172148272
1340, 904.4584265495647
1341, 904.5800125128117
1342, 904.7014752252787
1343, 904.8228148076091
1344, 904.9440313803783
1345, 905.0651250640938
1346, 905.1860959791962
1347, 905.3069442460579
1348, 905.4276699849837
1349, 905.5482733162107
1350, 905.6687543599096
1351, 905.7891132361816
1352, 905.9093500650611
1353, 906.0294649665148
1354, 906.149458060442
1355, 906.2693294666747
1356, 906.3890793049758
1357, 906.5087076950416
1358, 906.6282147565021
1359, 906.7476006089165
1360, 906.8668653717792
1361, 906.9860091645157
1362, 907.105032106484
1363, 907.2239343169747
1364, 907.3427159152103
1365, 907.4613770203465
1366, 907.5799177514708
1367, 907.6983382276021
1368, 907.8166385676935
1369, 907.9348188906295
1370, 908.0528793152276
1371, 908.1708199602367
1372, 908.2886409443382
1373, 908.4063423861472
1374, 908.5239244042092
1375, 908.6413871170035
1376, 908.7587306429413
1377, 908.8759551003667
1378, 908.9930606075545
1379, 909.1100472827143
1380, 909.2269152439857
1381, 909.3436646094422
1382, 909.4602954970895
1383, 909.5768080248654
1384, 909.6932023106394
1385, 909.8094784722147
1386, 909.9256366273258
1387, 910.0416768936406
1388, 910.1575993887577
1389, 910.2734042302097
1390, 910.3890915354613
1391, 910.504661421909
1392, 910.6201140068813
1393, 910.7354494076404
1394, 910.85066774138
1395, 910.9657691252257
1396, 911.0807536762374
1397, 911.1956215114047
1398, 911.3103727476515
1399, 911.4250075018339
1400, 911.5395258907395
1401, 911.6539280310882
1402, 911.7682140395337
1403, 911.8823840326604
1404, 911.9964381269862
1405, 912.1103764389611
1406, 912.224199084967
1407, 912.3379061813193
1408, 912.451497844264
1409, 912.5649741899811
1410, 912.6783353345818
1411, 912.7915813941105
1412, 912.9047124845434
1413, 913.0177287217903
1414, 913.1306302216913
1415, 913.2434171000205
1416, 913.3560894724835
1417, 913.4686474547188
1418, 913.5810911622971
1419, 913.6934207107213
1420, 913.8056362154272
1421, 913.917737791782
1422, 914.029725555086
1423, 914.141599620572
1424, 914.2533601034046
1425, 914.3650071186809
1426, 914.476540781431
1427, 914.5879612066166
1428, 914.6992685091319
1429, 914.8104628038037
1430, 914.9215442053915
1431, 915.0325128285858
1432, 915.1433687880112
1433, 915.2541121982239
1434, 915.364743173712
1435, 915.4752618288969
1436, 915.5856682781313
1437, 915.6959626357014
1438, 915.8061450158248
1439, 915.9162155326527
1440, 916.0261743002666
1441, 916.1360214326827
1442, 916.2457570438478
1443, 916.3553812476421
1444, 916.464894157878
1445, 916.574295888299
1446, 916.6835865525838
1447, 916.7927662643403
1448, 916.901835137111
1449, 917.0107932843699
1450, 917.1196408195229
1451, 917.2283778559091
1452, 917.3370045067996
1453, 917.4455208853991
1454, 917.5539271048411
1455, 917.6622232781959
1456, 917.7704095184637
1457, 917.8784859385767
1458, 917.9864526514011
1459, 918.0943097697342
1460, 918.2020574063066
1461, 918.3096956737801
1462, 918.4172246847502
1463, 918.5246445517439
1464, 918.6319553872204
1465, 918.7391573035721
1466, 918.8462504131232
1467, 918.9532348281301
1468, 919.0601106607827
1469, 919.1668780232018
1470, 919.2735370274405
1471, 919.3800877854866
1472, 919.4865304092572
1473, 919.5928650106035
1474, 919.6990917013092
1475, 919.8052105930898
1476, 919.9112217975932
1477, 920.0171254263994
1478, 920.1229215910213
1479, 920.2286104029047
1480, 920.3341919734262
1481, 920.4396664138958
1482, 920.5450338355561
1483, 920.6502943495813
1484, 920.7554480670788
1485, 920.8604950990873
1486, 920.9654355565785
1487, 921.0702695504568
1488, 921.1749971915585
1489, 921.2796185906521
1490, 921.3841338584396
1491, 921.4885431055536
1492, 921.59284644256
1493, 921.6970439799576
1494, 921.8011358281767
1495, 921.9051220975801
1496, 922.0090028984636
1497, 922.1127783410548
1498, 922.2164485355133
1499, 922.3200135919319
1500, 922.4234736203352
1501, 922.5268287306811
1502, 922.6300790328588
1503, 922.7332246366894
1504, 922.8362656519282
1505, 922.9392021882614
1506, 923.0420343553085
1507, 923.1447622626201
1508, 923.2473860196808
1509, 923.3499057359062
1510, 923.4523215206451
1511, 923.5546334831778
1512, 923.656841732718
1513, 923.7589463784112
1514, 923.8609475293355
1515, 923.9628452945011
1516, 924.0646397828505
1517, 924.1663311032589
1518, 924.2679193645344
1519, 924.369404675416
1520, 924.4707871445754
1521, 924.5720668806184
1522, 924.6732439920813
1523, 924.7743185874336
1524, 924.8752907750768
1525, 924.9761606633446
1526, 925.0769283605039
1527, 925.177593974753
1528, 925.278157614223
1529, 925.3786193869778
1530, 925.4789794010129
1531, 925.579237764257
1532, 925.6793945845699
1533, 925.7794499697457
1534, 925.8794040275081
1535, 925.9792568655162
1536, 926.0790085913592
1537, 926.1786593125603
1538, 926.2782091365734
1539, 926.3776581707863
1540, 926.4770065225185
1541, 926.576254299022
1542, 926.67540160748
1543, 926.7744485550107
1544, 926.8733952486621
1545, 926.9722417954158
1546, 927.070988302185
1547, 927.1696348758172
1548, 927.2681816230894
1549, 927.3666286507132
1550, 927.4649760653318
1551, 927.5632239735202
1552, 927.6613724817869
1553, 927.7594216965722
1554, 927.8573717242487
1555, 927.9552226711209
1556, 928.0529746434265
1557, 928.150627747336
1558, 928.2481820889509
1559, 928.3456377743058
1560, 928.4429949093673
1561, 928.5402536000354
1562, 928.6374139521406
1563, 928.734476071448
1564, 928.8314400636536
1565, 928.9283060343857
1566, 929.0250740892055
1567, 929.1217443336072
1568, 929.2183168730156
1569, 929.314791812789
1570, 929.4111692582192
1571, 929.5074493145278
1572, 929.6036320868699
1573, 929.6997176803343
1574, 929.7957061999406
1575, 929.8915977506409
1576, 929.9873924373202
1577, 930.083090364796
1578, 930.1786916378168
1579, 930.2741963610652
1580, 930.3696046391552
1581, 930.4649165766336
1582, 930.5601322779797
1583, 930.6552518476041
1584, 930.7502753898507
1585, 930.8452030089957
1586, 930.9400348092474
1587, 931.0347708947468
1588, 931.1294113695666
1589, 931.2239563377135
1590, 931.3184059031242
1591, 931.4127601696691
1592, 931.5070192411519
1593, 931.6011832213064
1594, 931.6952522138005
1595, 931.7892263222341
1596, 931.8831056501386
1597, 931.9768903009797
1598, 932.070580378153
1599, 932.1641759849887
1600, 932.2576772247479
1601, 932.3510842006245
1602, 932.4443970157449
1603, 932.537615773168
1604, 932.6307405758843
1605, 932.7237715268183
1606, 932.8167087288249
1607, 932.9095522846919
1608, 933.002302297141
1609, 933.0949588688243
1610, 933.187522102327
1611, 933.2799921001673
1612, 933.3723689647952
1613, 933.4646527985923
1614, 933.556843703874
1615, 933.648941782887
1616, 933.7409471378115
1617, 933.8328598707583
1618, 933.9246800837718
1619, 934.0164078788296
1620, 934.1080433578394
1621, 934.1995866226434
1622, 934.2910377750145
1623, 934.3823969166597
1624, 934.473664149217
1625, 934.5648395742564
1626, 934.655923293282
1627, 934.7469154077291
1628, 934.8378160189653
1629, 934.928625228291
1630, 935.019343136939
1631, 935.109969846074
1632, 935.2005054567938
1633, 935.290950070128
1634, 935.381303787038
1635, 935.4715667084191
1636, 935.5617389350979
1637, 935.6518205678326
1638, 935.7418117073166
1639, 935.8317124541726
1640, 935.9215229089571
1641, 936.0112431721587
1642, 936.1008733441988
1643, 936.1904135254306
1644, 936.2798638161394
1645, 936.3692243165443
1646, 936.4584951267951
1647, 936.5476763469745
1648, 936.6367680770983
1649, 936.7257704171143
1650, 936.8146834669019
1651, 936.9035073262729
1652, 936.9922420949733
1653, 937.0808878726793
1654, 937.1694447590007
1655, 937.2579128534793
1656, 937.3462922555892
1657, 937.4345830647368
1658, 937.5227853802612
1659, 937.6108993014337
1660, 937.6989249274579
1661, 937.7868623574695
1662, 937.8747116905377
1663, 937.962473025662
1664, 938.0501464617769
1665, 938.137732097747
1666, 938.2252300323706
1667, 938.3126403643774
1668, 938.3999631924308
1669, 938.487198615125
1670, 938.5743467309873
1671, 938.661407638478
1672, 938.7483814359889
1673, 938.8352682218442
1674, 938.9220680943008
1675, 939.0087811515483
1676, 939.0954074917072
1677, 939.1819472128327
1678, 939.2684004129103
1679, 939.3547671898589
1680, 939.4410476415292
1681, 939.5272418657046
1682, 939.6133499601012
1683, 939.6993720223668
1684, 939.7853081500823
1685, 939.87115844076
1686, 939.9569229918452
1687, 940.0426019007152
1688, 940.1281952646813
1689, 940.2137031809843
1690, 940.2991257467993
1691, 940.3844630592338
1692, 940.4697152153263
1693, 940.5548823120497
1694, 940.639964446308
1695, 940.7249617149365
1696, 940.8098742147056
1697, 940.8947020423157
1698, 940.9794452944004
1699, 941.0641040675258
1700, 941.1486784581906
1701, 941.2331685628253
1702, 941.317574477793
1703, 941.401896299389
1704, 941.4861341238408
1705, 941.57028804731
1706, 941.6543581658877
1707, 941.7383445755994
1708, 941.8222473724021
1709, 941.9060666521862
1710, 941.9898025107727
1711, 942.0734550439171
1712, 942.157024347305
1713, 942.2405105165562
1714, 942.3239136472224
1715, 942.4072338347876
1716, 942.490471174667
1717, 942.5736257622104
1718, 942.6566976926977
1719, 942.7396870613434
1720, 942.8225939632921
1721, 942.9054184936226
1722, 942.988160747345
1723, 943.070820819402
1724, 943.1533988046693
1725, 943.2358947979544
1726, 943.318308893997
1727, 943.4006411874691
1728, 943.4828917729754
1729, 943.5650607450531
1730, 943.6471481981728
1731, 943.7291542267338
1732, 943.8110789250719
1733, 943.8929223874534
1734, 943.9746847080767
1735, 944.056365981073
1736, 944.1379663005066
1737, 944.2194857603731
1738, 944.3009244546001
1739, 944.3822824770498
1740, 944.4635599215139
1741, 944.5447568817186
1742, 944.6258734513216
1743, 944.7069097239129
1744, 944.7878657930147
1745, 944.8687417520819
1746, 944.9495376945032
1747, 945.0302537135963
1748, 945.1108899026145
1749, 945.1914463547416
1750, 945.2719231630947
1751, 945.3523204207227
1752, 945.4326382206068
1753, 945.5128766556612
1754, 945.5930358187319
1755, 945.6731158025981
1756, 945.7531166999696
1757, 945.8330386034906
1758, 945.9128816057366
1759, 945.9926457992157
1760, 946.0723312763682
1761, 946.1519381295668
1762, 946.2314664511171
1763, 946.3109163332563
1764, 946.3902878681537
1765, 946.4695811479124
1766, 946.5487962645667
1767, 946.6279333100838
1768, 946.706992376363
1769, 946.7859735552355
1770, 946.8648769384663
1771, 946.9437026177513
1772, 947.0224506847193
1773, 947.1011212309315
1774, 947.1797143478817
1775, 947.258230126996
1776, 947.3366686596322
1777, 947.4150300370809
1778, 947.4933143505658
1779, 947.5715216912421
1780, 947.6496521501967
1781, 947.7277058184508
1782, 947.8056827869568
1783, 947.8835831465992
1784, 947.9614069881956
1785, 948.0391544024952
1786, 948.1168254801803
1787, 948.1944203118644
1788, 948.2719389880953
1789, 948.349381599352
1790, 948.426748236045
1791, 948.5040389885196
1792, 948.5812539470505
1793, 948.6583932018476
1794, 948.7354568430505
1795, 948.8124449607334
1796, 948.8893576449013
1797, 948.9661949854928
1798, 949.0429570723779
1799, 949.1196439953601
1800, 949.1962558441733
1801, 949.2727927084858
1802, 949.3492546778978
1803, 949.4256418419411
1804, 949.5019542900797
1805, 949.5781921117111
1806, 949.6543553961643
1807, 949.7304442327019
1808, 949.8064587105179
1809, 949.8823989187375
1810, 949.9582649464203
1811, 950.0340568825579
1812, 950.109774816073
1813, 950.1854188358215
1814, 950.2609890305926
1815, 950.3364854891063
1816, 950.4119083000152
1817, 950.4872575519057
1818, 950.5625333332947
1819, 950.6377357326327
1820, 950.7128648383018
1821, 950.7879207386178
1822, 950.862903521827
1823, 950.937813276109
1824, 951.0126500895758
1825, 951.0874140502726
1826, 951.1621052461745
1827, 951.2367237651924
1828, 951.3112696951663
1829, 951.3857431238707
1830, 951.4601441390109
1831, 951.5344728282265
1832, 951.608729279088
1833, 951.6829135790985
1834, 951.7570258156939
1835, 951.8310660762418
1836, 951.9050344480428
1837, 951.9789310183294
1838, 952.0527558742673
1839, 952.1265091029533
1840, 952.2001907914179
1841, 952.2738010266223
1842, 952.347339895462
1843, 952.4208074847635
1844, 952.4942038812865
1845, 952.5675291717224
1846, 952.6407834426949
1847, 952.7139667807606
1848, 952.7870792724091
1849, 952.8601210040599
1850, 952.9330920620681
1851, 953.0059925327188
1852, 953.0788225022305
1853, 953.1515820567536
1854, 953.224271282371
1855, 953.2968902650986
1856, 953.3694390908835
1857, 953.441917845606
1858, 953.5143266150789
1859, 953.5866654850466
1860, 953.658934541186
1861, 953.7311338691076
1862, 953.8032635543528
1863, 953.8753236823953
1864, 953.9473143386426
1865, 954.0192356084334
1866, 954.0910875770395
1867, 954.1628703296637
1868, 954.2345839514434
1869, 954.3062285274458
1870, 954.3778041426727
1871, 954.4493108820568
1872, 954.5207488304642
1873, 954.5921180726926
1874, 954.6634186934723
1875, 954.7346507774658
1876, 954.8058144092685
1877, 954.8769096734079
1878, 954.9479366543437
1879, 955.0188954364676
1880, 955.0897861041049
1881, 955.1606087415119
1882, 955.2313634328785
1883, 955.3020502623257
1884, 955.3726693139082
1885, 955.4432206716114
1886, 955.513704419355
1887, 955.5841206409893
1888, 955.6544694202992
1889, 955.7247508409986
1890, 955.7949649867372
1891, 955.8651119410948
1892, 955.9351917875849
1893, 956.0052046096524
1894, 956.0751504906751
1895, 956.1450295139629
1896, 956.2148417627589
1897, 956.2845873202374
1898, 956.3542662695055
1899, 956.4238786936023
1900, 956.493424675501
1901, 956.5629042981047
1902, 956.6323176442503
1903, 956.701664796707
1904, 956.7709458381761
1905, 956.8401608512911
1906, 956.9093099186184
1907, 956.9783931226564
1908, 957.0474105458358
1909, 957.1163622705201
1910, 957.1852483790046
1911, 957.2540689535172
1912, 957.3228240762185
1913, 957.391513829201
1914, 957.4601382944895
1915, 957.5286975540417
1916, 957.5971916897475
1917, 957.6656207834291
1918, 957.7339849168404
1919, 957.8022841716688
1920, 957.8705186295331
1921, 957.9386883719859
1922, 958.00679348051
1923, 958.0748340365222
1924, 958.1428101213719
1925, 958.210721816339
1926, 958.278569202638
1927, 958.3463523614137
1928, 958.414071373745
1929, 958.4817263206425
1930, 958.5493172830489
1931, 958.6168443418395
1932, 958.6843075778222
1933, 958.7517070717364
1934, 958.8190429042554
1935, 958.8863151559831
1936, 958.953523907457
1937, 959.0206692391471
1938, 959.0877512314541
1939, 959.1547699647131
1940, 959.2217255191913
1941, 959.2886179750855
1942, 959.3554474125297
1943, 959.4222139115859
1944, 959.4889175522505
1945, 959.5555584144521
1946, 959.6221365780513
1947, 959.6886521228416
1948, 959.7551051285485
1949, 959.8214956748294
1950, 959.8878238412755
1951, 959.9540897074087
1952, 960.0202933526836
1953, 960.0864348564886
1954, 960.1525142981435
1955, 960.2185317568997
1956, 960.2844873119417
1957, 960.3503810423872
1958, 960.4162130272846
1959, 960.4819833456158
1960, 960.5476920762941
1961, 960.613339298167
1962, 960.6789250900127
1963, 960.7444495305419
1964, 960.8099126983982
1965, 960.8753146721579
1966, 960.9406555303283
1967, 961.0059353513503
1968, 961.0711542135975
1969, 961.1363121953743
1970, 961.2014093749187
1971, 961.2664458304002
1972, 961.3314216399219
1973, 961.3963368815183
1974, 961.461191633156
1975, 961.525985972735
1976, 961.590719978087
1977, 961.6553937269763
1978, 961.7200072970995
1979, 961.7845607660853
1980, 961.8490542114948
1981, 961.9134877108226
1982, 961.9778613414937
1983, 962.0421751808672
1984, 962.1064293062338
1985, 962.1706237948164
1986, 962.2347587237705
1987, 962.2988341701838
1988, 962.3628502110774
1989, 962.4268069234032
1990, 962.4907043840465
1991, 962.5545426698244
1992, 962.6183218574871
1993, 962.6820420237157
1994, 962.7457032451257
1995, 962.8093055982634
1996, 962.8728491596079
1997, 962.9363340055714
1998, 962.9997602124971
1999, 963.0631278566619
