273, 1.7377878102107594e-05
274, 1.742755125648051e-05
275, 1.7477136122328333e-05
276, 1.7526633206229747e-05
277, 1.7576043010310678e-05
278, 1.7625366032295065e-05
279, 1.7674602765555663e-05
280, 1.7723753699163874e-05
281, 1.777281931793831e-05
282, 1.782180010249347e-05
283, 1.7870696529287457e-05
284, 1.7919509070669092e-05
285, 1.7968238194924046e-05
286, 1.8016884366320923e-05
287, 1.8065448045156224e-05
288, 1.8113929687799097e-05
289, 1.8162329746735163e-05
290, 1.8210648670609696e-05
291, 1.825888690427059e-05
292, 1.830704488881065e-05
293, 1.8355123061608873e-05
294, 1.8403121856371676e-05
295, 1.8451041703173775e-05
296, 1.849888302849703e-05
297, 1.8546646255271795e-05
298, 1.8594331802913458e-05
299, 1.8641940087362742e-05
300, 1.868947152112279e-05
301, 1.8736926513296434e-05
302, 1.878430546962352e-05
303, 1.883160879251684e-05
304, 1.8878836881098798e-05
305, 1.892599013123521e-05
306, 1.897306893557259e-05
307, 1.9020073683571042e-05
308, 1.9067004761538493e-05
309, 1.9113862552664996e-05
310, 1.9160647437055654e-05
311, 1.9207359791762326e-05
312, 1.9253999990818182e-05
313, 1.9300568405267273e-05
314, 1.9347065403197787e-05
315, 1.9393491349772158e-05
316, 1.9439846607257858e-05
317, 1.9486131535058334e-05
318, 1.9532346489742028e-05
319, 1.9578491825072955e-05
320, 1.9624567892038672e-05
321, 1.967057503888018e-05
322, 1.971651361111945e-05
323, 1.9762383951588176e-05
324, 1.9808186400455005e-05
325, 1.9853921295253128e-05
326, 1.9899588970907364e-05
327, 1.9945189759760652e-05
328, 1.9990723991600266e-05
329, 2.0036191993684266e-05
330, 2.0081594090767056e-05
331, 2.012693060512407e-05
332, 2.0172201856577954e-05
333, 2.0217408162522508e-05
334, 2.0262549837947403e-05
335, 2.0307627195462145e-05
336, 2.035264054532019e-05
337, 2.039759019544226e-05
338, 2.0442476451439505e-05
339, 2.04872996166371e-05
340, 2.0532059992095695e-05
341, 2.0576757876635368e-05
342, 2.0621393566856352e-05
343, 2.066596735716194e-05
344, 2.071047953977954e-05
345, 2.0754930404782397e-05
346, 2.0799320240109867e-05
347, 2.084364933158944e-05
348, 2.0887917962956426e-05
349, 2.0932126415874353e-05
350, 2.0976274969955737e-05
351, 2.1020363902781374e-05
352, 2.106439348991948e-05
353, 2.1108364004946436e-05
354, 2.115227571946482e-05
355, 2.1196128903122177e-05
356, 2.123992382363114e-05
357, 2.1283660746786118e-05
358, 2.13273399364829e-05
359, 2.1370961654735986e-05
360, 2.1414526161696693e-05
361, 2.145803371567075e-05
362, 2.1501484573135706e-05
363, 2.154487898875818e-05
364, 2.1588217215410623e-05
365, 2.163149950418877e-05
366, 2.1674726104427506e-05
367, 2.171789726371775e-05
368, 2.1761013227922634e-05
369, 2.1804074241193454e-05
370, 2.1847080545985727e-05
371, 2.1890032383074743e-05
372, 2.1932929991570867e-05
373, 2.197577360893566e-05
374, 2.201856347099598e-05
375, 2.2061299811959565e-05
376, 2.2103982864429694e-05
377, 2.2146612859420657e-05
378, 2.2189190026370447e-05
379, 2.2231714593156727e-05
380, 2.2274186786110376e-05
381, 2.231660683002915e-05
382, 2.235897494819235e-05
383, 2.2401291362373865e-05
384, 2.2443556292855468e-05
385, 2.2485769958441815e-05
386, 2.2527932576470867e-05
387, 2.2570044362829873e-05
388, 2.2612105531966663e-05
389, 2.2654116296902718e-05
390, 2.269607686924626e-05
391, 2.2737987459203736e-05
392, 2.2779848275594156e-05
393, 2.2821659525858847e-05
394, 2.2863421416075912e-05
395, 2.2905134150970404e-05
396, 2.29467979339274e-05
397, 2.298841296700291e-05
398, 2.302997945093622e-05
399, 2.307149758516055e-05
400, 2.3112967567814953e-05
401, 2.315438959575575e-05
402, 2.319576386456657e-05
403, 2.3237090568570917e-05
404, 2.3278369900841253e-05
405, 2.3319602053211607e-05
406, 2.336078721628639e-05
407, 2.3401925579452677e-05
408, 2.344301733088916e-05
409, 2.3484062657577258e-05
410, 2.352506174531094e-05
411, 2.3566014778707156e-05
412, 2.3606921941215337e-05
413, 2.3647783415128277e-05
414, 2.3688599381590006e-05
415, 2.372937002060787e-05
416, 2.3770095511059972e-05
417, 2.3810776030705897e-05
418, 2.3851411756195694e-05
419, 2.389200286307917e-05
420, 2.3932549525815003e-05
421, 2.397305191777992e-05
422, 2.4013510211277377e-05
423, 2.4053924577547453e-05
424, 2.4094295186773957e-05
425, 2.4134622208094844e-05
426, 2.4174905809609654e-05
427, 2.4215146158388968e-05
428, 2.425534342048136e-05
429, 2.4295497760923988e-05
430, 2.433560934374913e-05
431, 2.4375678331992596e-05
432, 2.4415704887702457e-05
433, 2.4455689171946557e-05
434, 2.4495631344821036e-05
435, 2.4535531565457343e-05
436, 2.4575389992030702e-05
437, 2.4615206781767535e-05
438, 2.465498209095345e-05
439, 2.4694716074939783e-05
440, 2.473440888815227e-05
441, 2.477406068409826e-05
442, 2.4813671615373583e-05
443, 2.4853241833669288e-05
444, 2.489277148978049e-05
445, 2.4932260733612026e-05
446, 2.4971709714185792e-05
447, 2.5011118579648594e-05
448, 2.5050487477277876e-05
449, 2.5089816553488877e-05
450, 2.5129105953842287e-05
451, 2.5168355823049614e-05
452, 2.520756630498059e-05
453, 2.5246737542669806e-05
454, 2.5285869678323113e-05
455, 2.5324962853323544e-05
456, 2.536401720823863e-05
457, 2.540303288282573e-05
458, 2.5442010016039354e-05
459, 2.5480948746036218e-05
460, 2.5519849210182603e-05
461, 2.5558711545059555e-05
462, 2.559753588646902e-05
463, 2.5636322369439977e-05
464, 2.5675071128234654e-05
465, 2.5713782296353594e-05
466, 2.575245600654237e-05
467, 2.579109239079673e-05
468, 2.582969158036827e-05
469, 2.5868253705770355e-05
470, 2.590677889678396e-05
471, 2.5945267282462083e-05
472, 2.598371899113642e-05
473, 2.60221341504224e-05
474, 2.6060512887224042e-05
475, 2.609885532774059e-05
476, 2.6137161597469805e-05
477, 2.6175431821215388e-05
478, 2.6213666123090424e-05
479, 2.6251864626523183e-05
480, 2.629002745426251e-05
481, 2.632815472838244e-05
482, 2.6366246570287284e-05
483, 2.6404303100716523e-05
484, 2.644232443974994e-05
485, 2.648031070681154e-05
486, 2.6518262020676473e-05
487, 2.6556178499473104e-05
488, 2.6594060260689976e-05
489, 2.663190742117914e-05
490, 2.666972009716112e-05
491, 2.6707498404229838e-05
492, 2.6745242457357e-05
493, 2.6782952370896513e-05
494, 2.682062825858871e-05
495, 2.685827023356522e-05
496, 2.6895878408353182e-05
497, 2.693345289487977e-05
498, 2.6970993804476088e-05
499, 2.700850124788158e-05
500, 2.7045975335248966e-05
501, 2.7083416176146657e-05
502, 2.7120823879565486e-05
503, 2.7158198553920704e-05
504, 2.719554030705645e-05
505, 2.7232849246251267e-05
506, 2.727012547821955e-05
507, 2.730736910911802e-05
508, 2.7344580244548205e-05
509, 2.7381758989560865e-05
510, 2.7418905448659555e-05
511, 2.7456019725805234e-05
512, 2.749310192441871e-05
513, 2.7530152147385442e-05
514, 2.756717049705903e-05
515, 2.7604157075265564e-05
516, 2.764111198330525e-05
517, 2.7678035321959345e-05
518, 2.771492719148964e-05
519, 2.7751787691646486e-05
520, 2.7788616921668775e-05
521, 2.782541498028878e-05
522, 2.7862181965736233e-05
523, 2.789891797574141e-05
524, 2.793562310753727e-05
525, 2.7972297457865318e-05
526, 2.8008941122976652e-05
527, 2.804555419863661e-05
528, 2.80821367801276e-05
529, 2.8118688962252724e-05
530, 2.8155210839338593e-05
531, 2.8191702505238997e-05
532, 2.822816405333775e-05
533, 2.8264595576552074e-05
534, 2.830099716733566e-05
535, 2.8337368917681875e-05
536, 2.8373710919126408e-05
537, 2.8410023262751325e-05
538, 2.8446306039187138e-05
539, 2.8482559338616205e-05
540, 2.851878325077578e-05
541, 2.8554977864960756e-05
542, 2.859114327002714e-05
543, 2.8627279554394352e-05
544, 2.8663386806048102e-05
545, 2.8699465112543532e-05
546, 2.873551456100865e-05
547, 2.877153523814584e-05
548, 2.8807527230235673e-05
549, 2.8843490623139627e-05
550, 2.8879425502301697e-05
551, 2.8915331952753212e-05
552, 2.8951210059113436e-05
553, 2.8987059905593244e-05
554, 2.9022881575998282e-05
555, 2.9058675153730285e-05
556, 2.909444072179096e-05
557, 2.91301783627839e-05
558, 2.9165888158917393e-05
559, 2.920157019200671e-05
560, 2.9237224543476953e-05
561, 2.9272851294365496e-05
562, 2.9308450525324283e-05
563, 2.9344022316622704e-05
564, 2.9379566748149744e-05
565, 2.941508389941656e-05
566, 2.9450573849558368e-05
567, 2.948603667733785e-05
568, 2.9521472461146426e-05
569, 2.955688127900814e-05
570, 2.9592263208579783e-05
571, 2.9627618327154926e-05
572, 2.9662946711666426e-05
573, 2.969824843868728e-05
574, 2.9733523584433755e-05
575, 2.9768772224767435e-05
576, 2.9803994435197998e-05
577, 2.9839190290884334e-05
578, 2.9874359866638386e-05
579, 2.990950323692482e-05
580, 2.9944620475866077e-05
581, 2.9979711657242805e-05
582, 3.001477685449567e-05
583, 3.004981614072879e-05
584, 3.0084829588710737e-05
585, 3.0119817270877544e-05
586, 3.0154779259333635e-05
587, 3.0189715625855078e-05
588, 3.0224626441890265e-05
589, 3.0259511778563548e-05
590, 3.0294371706675844e-05
591, 3.0329206296707422e-05
592, 3.036401561881937e-05
593, 3.0398799742856062e-05
594, 3.0433558738346265e-05
595, 3.0468292674506348e-05
596, 3.050300162024121e-05
597, 3.053768564414594e-05
598, 3.057234481450877e-05
599, 3.060697919931211e-05
600, 3.064158886623477e-05
601, 3.067617388265368e-05
602, 3.071073431564527e-05
603, 3.074527023198819e-05
604, 3.077978169816453e-05
605, 3.081426878036154e-05
606, 3.084873154447395e-05
607, 3.0883170056104644e-05
608, 3.091758438056748e-05
609, 3.0951974582889e-05
610, 3.0986340727809266e-05
611, 3.102068287978418e-05
612, 3.105500110298699e-05
613, 3.1089295461310284e-05
614, 3.1123566018367505e-05
615, 3.115781283749424e-05
616, 3.1192035981750086e-05
617, 3.1226235513920434e-05
618, 3.126041149651831e-05
619, 3.12945639917853e-05
620, 3.132869306169314e-05
621, 3.1362798767946665e-05
622, 3.139688117198359e-05
623, 3.143094033497707e-05
624, 3.146497631783679e-05
625, 3.149898918121135e-05
626, 3.1532978985488456e-05
627, 3.156694579079751e-05
628, 3.160088965701104e-05
629, 3.1634810643745356e-05
630, 3.1668708810362654e-05
631, 3.170258421597283e-05
632, 3.17364369194341e-05
633, 3.177026697935476e-05
634, 3.180407445409583e-05
635, 3.183785940176996e-05
636, 3.1871621880244674e-05
637, 3.1905361947143996e-05
638, 3.19390796598486e-05
639, 3.1972775075498105e-05
640, 3.200644825099176e-05
641, 3.204009924299092e-05
642, 3.20737281079193e-05
643, 3.2107334901964304e-05
644, 3.214091968107983e-05
645, 3.2174482500985544e-05
646, 3.2208023417169734e-05
647, 3.224154248489006e-05
648, 3.227503975917465e-05
649, 3.230851529482376e-05
650, 3.2341969146411297e-05
651, 3.23754013682848e-05
652, 3.2408812014568594e-05
653, 3.244220113916345e-05
654, 3.247556879574887e-05
655, 3.250891503778387e-05
656, 3.254223991850761e-05
657, 3.2575543490941954e-05
658, 3.2608825807892036e-05
659, 3.264208692194675e-05
660, 3.267532688548149e-05
661, 3.270854575065722e-05
662, 3.274174356942442e-05
663, 3.277492039352129e-05
664, 3.280807627447756e-05
665, 3.284121126361354e-05
666, 3.2874325412042504e-05
667, 3.290741877067136e-05
668, 3.294049139020192e-05
669, 3.297354332113233e-05
670, 3.300657461375732e-05
671, 3.303958531817025e-05
672, 3.307257548426345e-05
673, 3.310554516173013e-05
674, 3.313849440006452e-05
675, 3.317142324856389e-05
676, 3.320433175632883e-05
677, 3.323721997226459e-05
678, 3.327008794508249e-05
679, 3.330293572330071e-05
680, 3.33357633552444e-05
681, 3.336857088904899e-05
682, 3.340135837265853e-05
683, 3.343412585382934e-05
684, 3.3466873380128474e-05
685, 3.349960099893643e-05
686, 3.353230875744778e-05
687, 3.356499670267184e-05
688, 3.3597664881433795e-05
689, 3.363031334037649e-05
690, 3.366294212595938e-05
691, 3.3695551284461645e-05
692, 3.372814086198226e-05
693, 3.376071090444119e-05
694, 3.379326145757897e-05
695, 3.3825792566959804e-05
696, 3.385830427797181e-05
697, 3.38907966358263e-05
698, 3.3923269685561026e-05
699, 3.395572347204025e-05
700, 3.3988158039954706e-05
701, 3.402057343382379e-05
702, 3.405296969799643e-05
703, 3.40853468766503e-05
704, 3.4117705013795335e-05
705, 3.415004415327176e-05
706, 3.418236433875388e-05
707, 3.421466561374823e-05
708, 3.424694802159659e-05
709, 3.427921160547533e-05
710, 3.4311456408397496e-05
711, 3.434368247321225e-05
712, 3.4375889842607024e-05
713, 3.440807855910783e-05
714, 3.444024866508032e-05
715, 3.447240020272902e-05
716, 3.450453321410164e-05
717, 3.4536647741086235e-05
718, 3.456874382541403e-05
719, 3.4600821508659304e-05
720, 3.4632880832241506e-05
721, 3.466492183742457e-05
722, 3.4696944565318175e-05
723, 3.4728949056879116e-05
724, 3.4760935352910935e-05
725, 3.479290349406598e-05
726, 3.4824853520845496e-05
727, 3.485678547360056e-05
728, 3.4888699392531914e-05
729, 3.492059531769263e-05
730, 3.495247328898731e-05
731, 3.498433334617356e-05
732, 3.5016175528861606e-05
733, 3.504799987651672e-05
734, 3.507980642845963e-05
735, 3.511159522386482e-05
736, 3.514336630176519e-05
737, 3.51751197010498e-05
738, 3.520685546046566e-05
739, 3.5238573618618375e-05
740, 3.527027421397251e-05
741, 3.530195728485332e-05
742, 3.533362286944582e-05
743, 3.5365271005796727e-05
744, 3.539690173181477e-05
745, 3.542851508527152e-05
746, 3.546011110380186e-05
747, 3.549168982490404e-05
748, 3.552325128594224e-05
749, 3.555479552414495e-05
750, 3.558632257660755e-05
751, 3.5617832480291266e-05
752, 3.564932527202546e-05
753, 3.5680800988506984e-05
754, 3.571225966630117e-05
755, 3.574370134184343e-05
756, 3.5775126051438393e-05
757, 3.580653383126144e-05
758, 3.583792471735926e-05
759, 3.586929874565048e-05
760, 3.5900655951925174e-05
761, 3.593199637184839e-05
762, 3.596332004095658e-05
763, 3.5994626994661954e-05
764, 3.602591726825132e-05
765, 3.60571908968868e-05
766, 3.6088447915606594e-05
767, 3.6119688359325836e-05
768, 3.6150912262836335e-05
769, 3.6182119660808694e-05
770, 3.621331058779078e-05
771, 3.624448507821066e-05
772, 3.627564316637515e-05
773, 3.6306784886472115e-05
774, 3.633791027256871e-05
775, 3.6369019358614934e-05
776, 3.640011217844186e-05
777, 3.643118876576327e-05
778, 3.646224915417564e-05
779, 3.649329337715946e-05
780, 3.65243214680792e-05
781, 3.6555333460183516e-05
782, 3.658632938660655e-05
783, 3.6617309280368336e-05
784, 3.664827317437544e-05
785, 3.667922110142052e-05
786, 3.671015309418416e-05
787, 3.6741069185233876e-05
788, 3.6771969407026865e-05
789, 3.6802853791908705e-05
790, 3.683372237211405e-05
791, 3.686457517976791e-05
792, 3.6895412246885674e-05
793, 3.69262336053738e-05
794, 3.6957039287029825e-05
795, 3.698782932354384e-05
796, 3.701860374649779e-05
797, 3.7049362587367436e-05
798, 3.708010587752071e-05
799, 3.711083364822129e-05
800, 3.714154593062571e-05
801, 3.717224275578626e-05
802, 3.720292415465049e-05
803, 3.7233590158062035e-05
804, 3.726424079676043e-05
805, 3.729487610138242e-05
806, 3.732549610246244e-05
807, 3.735610083043194e-05
808, 3.7386690315621103e-05
809, 3.741726458825907e-05
810, 3.7447823678473784e-05
811, 3.7478367616292756e-05
812, 3.7508896431644234e-05
813, 3.753941015435628e-05
814, 3.7569908814158585e-05
815, 3.7600392440681886e-05
816, 3.7630861063459294e-05
817, 3.7661314711925334e-05
818, 3.769175341541891e-05
819, 3.7722177203180795e-05
820, 3.775258610435561e-05
821, 3.7782980147992966e-05
822, 3.7813359363046e-05
823, 3.784372377837344e-05
824, 3.7874073422739294e-05
825, 3.790440832481311e-05
826, 3.793472851317089e-05
827, 3.7965034016295816e-05
828, 3.799532486257683e-05
829, 3.802560108031156e-05
830, 3.805586269770557e-05
831, 3.8086109742871475e-05
832, 3.811634224383194e-05
833, 3.8146560228518134e-05
834, 3.8176763724770906e-05
835, 3.8206952760341264e-05
836, 3.8237127362889996e-05
837, 3.826728755998872e-05
838, 3.8297433379121106e-05
839, 3.832756484768095e-05
840, 3.835768199297488e-05
841, 3.838778484222151e-05
842, 3.841787342255188e-05
843, 3.844794776101099e-05
844, 3.847800788455641e-05
845, 3.8508053820059464e-05
846, 3.853808559430642e-05
847, 3.856810323399719e-05
848, 3.8598106765747656e-05
849, 3.862809621608843e-05
850, 3.865807161146523e-05
851, 3.868803297824105e-05
852, 3.8717980342694544e-05
853, 3.874791373102127e-05
854, 3.8777833169334114e-05
855, 3.8807738683663136e-05
856, 3.8837630299955974e-05
857, 3.886750804407994e-05
858, 3.8897371941818996e-05
859, 3.8927222018877365e-05
860, 3.895705830087771e-05
861, 3.8986880813362727e-05
862, 3.90166895817957e-05
863, 3.904648463155835e-05
864, 3.9076265987955114e-05
865, 3.9106033676209615e-05
866, 3.913578772146825e-05
867, 3.9165528148798806e-05
868, 3.919525498318997e-05
869, 3.922496824955408e-05
870, 3.925466797272483e-05
871, 3.928435417746044e-05
872, 3.931402688844127e-05
873, 3.9343686130271515e-05
874, 3.937333192747944e-05
875, 3.940296430451804e-05
876, 3.9432583285763776e-05
877, 3.946218889551952e-05
878, 3.9491781158011816e-05
879, 3.9521360097393815e-05
880, 3.955092573774469e-05
881, 3.95804781030683e-05
882, 3.961001721729731e-05
883, 3.9639543104288455e-05
884, 3.9669055787828203e-05
885, 3.9698555291628575e-05
886, 3.972804163933026e-05
887, 3.975751485450089e-05
888, 3.978697496063836e-05
889, 3.9816421981166786e-05
890, 3.984585593944097e-05
891, 3.9875276858744704e-05
892, 3.990468476229004e-05
893, 3.9934079673219595e-05
894, 3.996346161460733e-05
895, 3.999283060945519e-05
896, 4.002218668069747e-05
897, 4.005152985119875e-05
898, 4.0080860143754917e-05
899, 4.011017758109375e-05
900, 4.013948218587387e-05
901, 4.016877398068776e-05
902, 4.019805298805799e-05
903, 4.022731923044105e-05
904, 4.025657273022688e-05
905, 4.028581350973704e-05
906, 4.031504159122797e-05
907, 4.0344256996889216e-05
908, 4.037345974884371e-05
909, 4.040264986915006e-05
910, 4.043182737980091e-05
911, 4.046099230272244e-05
912, 4.0490144659777775e-05
913, 4.0519284472764236e-05
914, 4.0548411763414745e-05
915, 4.057752655339871e-05
916, 4.060662886432132e-05
917, 4.063571871772361e-05
918, 4.0664796135084516e-05
919, 4.069386113781833e-05
920, 4.0722913747277916e-05
921, 4.075195398475198e-05
922, 4.0780981871468814e-05
923, 4.0809997428592684e-05
924, 4.083900067722736e-05
925, 4.086799163841454e-05
926, 4.0896970333134205e-05
927, 4.0925936782305765e-05
928, 4.0954891006787165e-05
929, 4.098383302737629e-05
930, 4.1012762864810736e-05
931, 4.104168053976762e-05
932, 4.1070586072863524e-05
933, 4.1099479484657356e-05
934, 4.112836079564607e-05
935, 4.1157230026268865e-05
936, 4.118608719690602e-05
937, 4.121493232787864e-05
938, 4.124376543944938e-05
939, 4.127258655182331e-05
940, 4.1301395685146666e-05
941, 4.133019285950736e-05
942, 4.135897809493777e-05
943, 4.1387751411411387e-05
944, 4.1416512828843896e-05
945, 4.144526236709594e-05
946, 4.1474000045970446e-05
947, 4.1502725885213486e-05
948, 4.153143990451638e-05
949, 4.156014212351232e-05
950, 4.158883256178099e-05
951, 4.161751123884488e-05
952, 4.164617817417159e-05
953, 4.16748333871737e-05
954, 4.1703476897208725e-05
955, 4.1732108723579645e-05
956, 4.176072888553453e-05
957, 4.178933740226744e-05
958, 4.181793429291889e-05
959, 4.1846519576574445e-05
960, 4.18750932722666e-05
961, 4.190365539897448e-05
962, 4.193220597562378e-05
963, 4.1960745021087274e-05
964, 4.198927255418476e-05
965, 4.201778859368292e-05
966, 4.204629315829705e-05
967, 4.2074786266689646e-05
968, 4.210326793747145e-05
969, 4.213173818920061e-05
970, 4.2160197040384256e-05
971, 4.218864450947863e-05
972, 4.2217080614886856e-05
973, 4.224550537496342e-05
974, 4.227391880801019e-05
975, 4.230232093227905e-05
976, 4.2330711765971624e-05
977, 4.235909132723852e-05
978, 4.2387459634181125e-05
979, 4.2415816704850144e-05
980, 4.24441625572473e-05
981, 4.247249720932443e-05
982, 4.250082067898368e-05
983, 4.2529132984079016e-05
984, 4.2557434142414455e-05
985, 4.2585724171745925e-05
986, 4.261400308978046e-05
987, 4.264227091417665e-05
988, 4.267052766254491e-05
989, 4.26987733524482e-05
990, 4.272700800140053e-05
991, 4.275523162686872e-05
992, 4.278344424627261e-05
993, 4.281164587698373e-05
994, 4.2839836536327304e-05
995, 4.286801624158133e-05
996, 4.289618500997685e-05
997, 4.2924342858698387e-05
998, 4.29524898048839e-05
999, 4.298062586562501e-05
1000, 4.3008751057968075e-05
1001, 4.303686539891219e-05
1002, 4.3064968905411814e-05
1003, 4.309306159437479e-05
1004, 4.312114348266462e-05
1005, 4.314921458709874e-05
1006, 4.317727492444972e-05
1007, 4.3205324511445815e-05
1008, 4.323336336476932e-05
1009, 4.326139150105867e-05
1010, 4.3289408936907894e-05
1011, 4.331741568886702e-05
1012, 4.3345411773441156e-05
1013, 4.33733972070923e-05
1014, 4.340137200623769e-05
1015, 4.3429336187251974e-05
1016, 4.345728976646577e-05
1017, 4.3485232760166814e-05
1018, 4.351316518459905e-05
1019, 4.354108705596436e-05
1020, 4.356899839042033e-05
1021, 4.359689920408363e-05
1022, 4.3624789513027025e-05
1023, 4.365266933328193e-05
1024, 4.368053868083669e-05
1025, 4.370839757163818e-05
1026, 4.3736246021591184e-05
1027, 4.376408404655838e-05
1028, 4.37919116623617e-05
1029, 4.381972888478111e-05
1030, 4.384753572955476e-05
1031, 4.387533221238058e-05
1032, 4.390311834891491e-05
1033, 4.3930894154773784e-05
1034, 4.395865964553161e-05
1035, 4.398641483672308e-05
1036, 4.401415974384208e-05
1037, 4.404189438234217e-05
1038, 4.4069618767637085e-05
1039, 4.409733291510069e-05
1040, 4.412503684006632e-05
1041, 4.4152730557827795e-05
1042, 4.4180414083640044e-05
1043, 4.420808743271783e-05
1044, 4.423575062023722e-05
1045, 4.4263403661334406e-05
1046, 4.429104657110765e-05
1047, 4.4318679364615424e-05
1048, 4.434630205687766e-05
1049, 4.437391466287608e-05
1050, 4.44015171975538e-05
1051, 4.4429109675815e-05
1052, 4.445669211252677e-05
1053, 4.448426452251723e-05
1054, 4.451182692057741e-05
1055, 4.4539379321459885e-05
1056, 4.456692173987948e-05
1057, 4.459445419051434e-05
1058, 4.46219766880049e-05
1059, 4.4649489246953604e-05
1060, 4.467699188192674e-05
1061, 4.47044846074536e-05
1062, 4.473196743802589e-05
1063, 4.4759440388098685e-05
1064, 4.47869034720909e-05
1065, 4.481435670438524e-05
1066, 4.4841800099327815e-05
1067, 4.4869233671227645e-05
1068, 4.4896657434358606e-05
1069, 4.4924071402958475e-05
1070, 4.495147559122944e-05
1071, 4.4978870013337207e-05
1072, 4.500625468341255e-05
1073, 4.5033629615550235e-05
1074, 4.506099482381002e-05
1075, 4.50883503222173e-05
1076, 4.5115696124759864e-05
1077, 4.514303224539335e-05
1078, 4.517035869803697e-05
1079, 4.51976754965756e-05
1080, 4.522498265485969e-05
1081, 4.525228018670445e-05
1082, 4.5279568105891544e-05
1083, 4.530684642616791e-05
1084, 4.533411516124624e-05
1085, 4.536137432480591e-05
1086, 4.538862393049192e-05
1087, 4.5415863991914645e-05
1088, 4.54430945226525e-05
1089, 4.5470315536248887e-05
1090, 4.5497527046214616e-05
1091, 4.552472906602653e-05
1092, 4.555192160912893e-05
1093, 4.557910468893215e-05
1094, 4.5606278318814694e-05
1095, 4.563344251212067e-05
1096, 4.566059728216282e-05
1097, 4.5687742642220036e-05
1098, 4.571487860554004e-05
1099, 4.574200518533698e-05
1100, 4.576912239479313e-05
1101, 4.579623024705787e-05
1102, 4.582332875525004e-05
1103, 4.5850417932454116e-05
1104, 4.587749779172544e-05
1105, 4.59045683460857e-05
1106, 4.593162960852456e-05
1107, 4.5958681592001904e-05
1108, 4.598572430944442e-05
1109, 4.601275777374863e-05
1110, 4.603978199777916e-05
1111, 4.60667969943694e-05
1112, 4.6093802776322435e-05
1113, 4.612079935640954e-05
1114, 4.614778674737124e-05
1115, 4.61747649619182e-05
1116, 4.620173401272952e-05
1117, 4.6228693912453606e-05
1118, 4.6255644673709635e-05
1119, 4.628258630908537e-05
1120, 4.6309518831138716e-05
1121, 4.633644225239688e-05
1122, 4.636335658535868e-05
1123, 4.639026184249113e-05
1124, 4.641715803623221e-05
1125, 4.644404517898969e-05
1126, 4.647092328314291e-05
1127, 4.649779236104054e-05
1128, 4.6524652425002184e-05
1129, 4.65515034873182e-05
1130, 4.657834556024889e-05
1131, 4.660517865602685e-05
1132, 4.663200278685505e-05
1133, 4.665881796490652e-05
1134, 4.668562420232616e-05
1135, 4.6712421511230755e-05
1136, 4.673920990370716e-05
1137, 4.676598939181517e-05
1138, 4.679275998758425e-05
1139, 4.681952170301721e-05
1140, 4.6846274550087504e-05
1141, 4.6873018540740405e-05
1142, 4.689975368689328e-05
1143, 4.692648000043577e-05
1144, 4.6953197493229164e-05
1145, 4.697990617710687e-05
1146, 4.700660606387518e-05
1147, 4.7033297165311586e-05
1148, 4.705997949316723e-05
1149, 4.708665305916474e-05
1150, 4.711331787500053e-05
1151, 4.7139973952342025e-05
1152, 4.716662130283121e-05
1153, 4.7193259938081544e-05
1154, 4.7219889869680225e-05
1155, 4.724651110918723e-05
1156, 4.727312366813564e-05
1157, 4.7299727558032134e-05
1158, 4.732632279035639e-05
1159, 4.7352909376560826e-05
1160, 4.7379487328072605e-05
1161, 4.740605665629178e-05
1162, 4.743261737259149e-05
1163, 4.745916948831949e-05
1164, 4.7485713014797524e-05
1165, 4.751224796332014e-05
1166, 4.753877434515691e-05
1167, 4.7565292171550194e-05
1168, 4.7591801453718135e-05
1169, 4.761830220285216e-05
1170, 4.764479443011814e-05
1171, 4.76712781466562e-05
1172, 4.7697753363580206e-05
1173, 4.7724220091981375e-05
1174, 4.775067834292208e-05
1175, 4.7777128127441464e-05
1176, 4.7803569456552865e-05
1177, 4.7830002341244516e-05
1178, 4.785642679247951e-05
1179, 4.7882842821196474e-05
1180, 4.790925043830821e-05
1181, 4.793564965470381e-05
1182, 4.796204048124701e-05
1183, 4.798842292877659e-05
1184, 4.801479700810751e-05
1185, 4.804116273003001e-05
1186, 4.806752010530897e-05
1187, 4.8093869144686474e-05
1188, 4.812020985887941e-05
1189, 4.8146542258580116e-05
1190, 4.817286635445793e-05
1191, 4.819918215715746e-05
1192, 4.822548967729882e-05
1193, 4.8251788925479526e-05
1194, 4.827807991227199e-05
1195, 4.830436264822579e-05
1196, 4.8330637143866366e-05
1197, 4.835690340969564e-05
1198, 4.838316145619232e-05
1199, 4.840941129381141e-05
1200, 4.843565293298381e-05
1201, 4.846188638411867e-05
1202, 4.8488111657600016e-05
1203, 4.851432876379105e-05
1204, 4.854053771302975e-05
1205, 4.856673851563249e-05
1206, 4.8592931181891155e-05
1207, 4.86191157220764e-05
1208, 4.864529214643537e-05
1209, 4.867146046519216e-05
1210, 4.869762068854894e-05
1211, 4.8723772826684444e-05
1212, 4.8749916889755225e-05
1213, 4.8776052887896104e-05
1214, 4.880218083121793e-05
1215, 4.882830072981064e-05
1216, 4.8854412593741565e-05
1217, 4.888051643305511e-05
1218, 4.890661225777487e-05
1219, 4.893270007790144e-05
1220, 4.8958779903413275e-05
1221, 4.898485174426773e-05
1222, 4.901091561039985e-05
1223, 4.9036971511722384e-05
1224, 4.906301945812785e-05
1225, 4.908905945948526e-05
1226, 4.911509152564323e-05
1227, 4.9141115666429616e-05
1228, 4.916713189164768e-05
1229, 4.919314021108338e-05
1230, 4.9219140634498436e-05
1231, 4.924513317163408e-05
1232, 4.927111783221083e-05
1233, 4.9297094625928206e-05
1234, 4.9323063562462993e-05
1235, 4.934902465147332e-05
1236, 4.9374977902594864e-05
1237, 4.940092332544216e-05
1238, 4.942686092961052e-05
1239, 4.945279072467313e-05
1240, 4.947871272018288e-05
1241, 4.950462692567172e-05
1242, 4.953053335065197e-05
1243, 4.9556432004614635e-05
1244, 4.9582322897029726e-05
1245, 4.9608206037349064e-05
1246, 4.963408143500151e-05
1247, 4.965994909939713e-05
1248, 4.968580903992614e-05
1249, 4.971166126595645e-05
1250, 4.973750578683924e-05
1251, 4.976334261190279e-05
1252, 4.978917175045666e-05
1253, 4.9814993211790774e-05
1254, 4.9840807005174075e-05
1255, 4.986661313985674e-05
1256, 4.9892411625068506e-05
1257, 4.99182024700206e-05
1258, 4.9943985683903205e-05
1259, 4.9969761275887945e-05
1260, 4.999552925512674e-05
1261, 5.002128963075153e-05
1262, 5.004704241187544e-05
1263, 5.0072787607592045e-05
1264, 5.0098525226976203e-05
1265, 5.012425527908251e-05
1266, 5.014997777294763e-05
1267, 5.0175692717587854e-05
1268, 5.020140012200131e-05
1269, 5.022709999516713e-05
1270, 5.0252792346044996e-05
1271, 5.0278477183576326e-05
1272, 5.030415451668315e-05
1273, 5.032982435426898e-05
1274, 5.035548670521894e-05
1275, 5.038114157839892e-05
1276, 5.040678898265665e-05
1277, 5.0432428926821274e-05
1278, 5.04580614197029e-05
1279, 5.048368647009391e-05
1280, 5.0509304086768156e-05
1281, 5.053491427848074e-05
1282, 5.056051705396907e-05
1283, 5.05861124219517e-05
1284, 5.061170039112957e-05
1285, 5.063728097018544e-05
1286, 5.066285416778334e-05
1287, 5.06884199925701e-05
1288, 5.0713978453174725e-05
1289, 5.073952955820684e-05
1290, 5.076507331626034e-05
1291, 5.079060973590921e-05
1292, 5.081613882571138e-05
1293, 5.0841660594206286e-05
1294, 5.086717504991545e-05
1295, 5.089268220134355e-05
1296, 5.091818205697693e-05
1297, 5.0943674625284947e-05
1298, 5.096915991471953e-05
1299, 5.099463793371485e-05
1300, 5.102010869068791e-05
1301, 5.1045572194038695e-05
1302, 5.107102845214942e-05
1303, 5.109647747338581e-05
1304, 5.1121919266095225e-05
1305, 5.11473538386093e-05
1306, 5.1172781199241076e-05
1307, 5.119820135628852e-05
1308, 5.1223614318030995e-05
1309, 5.124902009273181e-05
1310, 5.1274418688637014e-05
1311, 5.129981011397654e-05
1312, 5.132519437696187e-05
1313, 5.135057148578994e-05
1314, 5.137594144863986e-05
1315, 5.140130427367383e-05
1316, 5.1426659969037704e-05
1317, 5.14520085428615e-05
1318, 5.147735000325852e-05
1319, 5.150268435832423e-05
1320, 5.1528011616139574e-05
1321, 5.155333178476792e-05
1322, 5.1578644872257515e-05
1323, 5.160395088663917e-05
1324, 5.162924983592795e-05
1325, 5.165454172812277e-05
1326, 5.167982657120634e-05
1327, 5.17051043731458e-05
1328, 5.173037514189119e-05
1329, 5.175563888537775e-05
1330, 5.1780895611523585e-05
1331, 5.180614532823209e-05
1332, 5.183138804339057e-05
1333, 5.185662376486967e-05
1334, 5.188185250052518e-05
1335, 5.1907074258196546e-05
1336, 5.193228904570817e-05
1337, 5.195749687086824e-05
1338, 5.198269774146973e-05
1339, 5.200789166528955e-05
1340, 5.2033078650090226e-05
1341, 5.205825870361791e-05
1342, 5.2083431833603363e-05
1343, 5.210859804776201e-05
1344, 5.213375735379433e-05
1345, 5.215890975938513e-05
1346, 5.218405527220421e-05
1347, 5.220919389990661e-05
1348, 5.2234325650130595e-05
1349, 5.2259450530501044e-05
1350, 5.228456854862705e-05
1351, 5.2309679712103175e-05
1352, 5.233478402850735e-05
1353, 5.235988150540489e-05
1354, 5.238497215034494e-05
1355, 5.241005597086155e-05
1356, 5.243513297447388e-05
1357, 5.246020316868764e-05
1358, 5.248526656099212e-05
1359, 5.251032315886324e-05
1360, 5.253537296976155e-05
1361, 5.256041600113267e-05
1362, 5.258545226040841e-05
1363, 5.261048175500509e-05
1364, 5.263550449232598e-05
1365, 5.2660520479758584e-05
1366, 5.26855297246761e-05
1367, 5.271053223443831e-05
1368, 5.2735528016389295e-05
1369, 5.276051707785988e-05
1370, 5.278549942616599e-05
1371, 5.281047506861015e-05
1372, 5.283544401247917e-05
1373, 5.286040626504677e-05
1374, 5.2885361833573635e-05
1375, 5.29103107253035e-05
1376, 5.293525294746885e-05
1377, 5.29601885072865e-05
1378, 5.2985117411959985e-05
1379, 5.3010039668678657e-05
1380, 5.3034955284618323e-05
1381, 5.305986426694045e-05
1382, 5.3084766622792884e-05
1383, 5.310966235930995e-05
1384, 5.3134551483611574e-05
1385, 5.315943400280469e-05
1386, 5.318430992398255e-05
1387, 5.320917925422378e-05
1388, 5.323404200059515e-05
1389, 5.325889817014805e-05
1390, 5.328374776992115e-05
1391, 5.3308590806940505e-05
1392, 5.3333427288216744e-05
1393, 5.335825722074869e-05
1394, 5.338308061152137e-05
1395, 5.340789746750578e-05
1396, 5.343270779566148e-05
1397, 5.3457511602932666e-05
1398, 5.3482308896250776e-05
1399, 5.350709968253531e-05
1400, 5.353188396869083e-05
1401, 5.3556661761610123e-05
1402, 5.358143306817207e-05
1403, 5.360619789524308e-05
1404, 5.3630956249675926e-05
1405, 5.365570813831085e-05
1406, 5.368045356797525e-05
1407, 5.370519254548288e-05
1408, 5.3729925077635805e-05
1409, 5.3754651171221735e-05
1410, 5.377937083301622e-05
1411, 5.380408406978321e-05
1412, 5.382879088827185e-05
1413, 5.38534912952201e-05
1414, 5.387818529735148e-05
1415, 5.390287290137954e-05
1416, 5.392755411400304e-05
1417, 5.395222894190854e-05
1418, 5.397689739177116e-05
1419, 5.400155947025177e-05
1420, 5.402621518399979e-05
1421, 5.405086453965264e-05
1422, 5.407550754383402e-05
1423, 5.410014420315618e-05
1424, 5.412477452421879e-05
1425, 5.4149398513608844e-05
1426, 5.417401617790235e-05
1427, 5.419862752366074e-05
1428, 5.422323255743531e-05
1429, 5.424783128576416e-05
1430, 5.4272423715173867e-05
1431, 5.429700985217763e-05
1432, 5.43215897032782e-05
1433, 5.434616327496461e-05
1434, 5.437073057371506e-05
1435, 5.439529160599563e-05
1436, 5.441984637825939e-05
1437, 5.4444394896949236e-05
1438, 5.446893716849422e-05
1439, 5.4493473199312675e-05
1440, 5.4518002995811324e-05
1441, 5.45425265643831e-05
1442, 5.456704391141178e-05
1443, 5.459155504326829e-05
1444, 5.461605996631091e-05
1445, 5.4640558686887753e-05
1446, 5.466505121133416e-05
1447, 5.468953754597415e-05
1448, 5.4714017697120345e-05
1449, 5.473849167107303e-05
1450, 5.476295947412191e-05
1451, 5.478742111254585e-05
1452, 5.48118765926092e-05
1453, 5.4836325920568096e-05
1454, 5.486076910266521e-05
1455, 5.488520614513302e-05
1456, 5.490963705419159e-05
1457, 5.4934061836050914e-05
1458, 5.495848049690844e-05
1459, 5.498289304295097e-05
1460, 5.500729948035318e-05
1461, 5.5031699815280075e-05
1462, 5.505609405388415e-05
1463, 5.5080482202307646e-05
1464, 5.510486426668085e-05
1465, 5.5129240253122545e-05
1466, 5.515361016774239e-05
1467, 5.517797401663697e-05
1468, 5.520233180589248e-05
1469, 5.522668354158481e-05
1470, 5.525102922977776e-05
1471, 5.527536887652512e-05
1472, 5.529970248786825e-05
1473, 5.532403006983985e-05
1474, 5.534835162846038e-05
1475, 5.537266716973913e-05
1476, 5.539697669967524e-05
1477, 5.5421280224257166e-05
1478, 5.544557774946254e-05
1479, 5.546986928125752e-05
1480, 5.5494154825598225e-05
1481, 5.551843438843081e-05
1482, 5.5542707975688767e-05
1483, 5.556697559329678e-05
1484, 5.559123724716798e-05
1485, 5.561549294320602e-05
1486, 5.5639742687302324e-05
1487, 5.5663986485339006e-05
1488, 5.568822434318735e-05
1489, 5.571245626670826e-05
1490, 5.573668226175242e-05
1491, 5.576090233415943e-05
1492, 5.578511648975907e-05
1493, 5.580932473437007e-05
1494, 5.58335270738017e-05
1495, 5.585772351385314e-05
1496, 5.588191406031118e-05
1497, 5.590609871895553e-05
1498, 5.593027749555376e-05
1499, 5.595445039586195e-05
1500, 5.597861742562893e-05
1501, 5.6002778590591295e-05
1502, 5.602693389647662e-05
1503, 5.6051083349001294e-05
1504, 5.607522695387304e-05
1505, 5.6099364716788196e-05
1506, 5.612349664343325e-05
1507, 5.614762273948526e-05
1508, 5.617174301061137e-05
1509, 5.619585746246809e-05
1510, 5.6219966100702616e-05
1511, 5.624406893095175e-05
1512, 5.626816595884287e-05
1513, 5.629225718999294e-05
1514, 5.6316342630009116e-05
1515, 5.6340422284489114e-05
1516, 5.636449615902141e-05
1517, 5.6388564259183455e-05
1518, 5.641262659054359e-05
1519, 5.643668315866087e-05
1520, 5.6460733969083276e-05
1521, 5.648477902735056e-05
1522, 5.6508818338992214e-05
1523, 5.6532851909528815e-05
1524, 5.6556879744469e-05
1525, 5.658090184931527e-05
1526, 5.660491822955787e-05
1527, 5.6628928890678806e-05
1528, 5.6652933838150185e-05
1529, 5.667693307743438e-05
1530, 5.6700926613985366e-05
1531, 5.672491445324589e-05
1532, 5.6748896600651565e-05
1533, 5.677287306162593e-05
1534, 5.6796843841585674e-05
1535, 5.682080894593632e-05
1536, 5.68447683800751e-05
1537, 5.686872214938972e-05
1538, 5.689267025925829e-05
1539, 5.69166127150498e-05
1540, 5.694054952212492e-05
1541, 5.696448068583334e-05
1542, 5.698840621151624e-05
1543, 5.701232610450684e-05
1544, 5.703624037012783e-05
1545, 5.706014901369328e-05
1546, 5.708405204050758e-05
1547, 5.7107949455867166e-05
1548, 5.713184126505856e-05
1549, 5.7155727473359456e-05
1550, 5.7179608086038726e-05
1551, 5.7203483108355764e-05
1552, 5.722735254556094e-05
1553, 5.72512164028973e-05
1554, 5.7275074685595785e-05
1555, 5.729892739888201e-05
1556, 5.7322774547970776e-05
1557, 5.734661613806696e-05
1558, 5.737045217437001e-05
1559, 5.739428266206588e-05
1560, 5.741810760633632e-05
1561, 5.744192701235147e-05
1562, 5.7465740885273744e-05
1563, 5.748954923025615e-05
1564, 5.751335205244293e-05
1565, 5.753714935697222e-05
1566, 5.7560941148968937e-05
1567, 5.758472743355261e-05
1568, 5.7608508215833364e-05
1569, 5.763228350091238e-05
1570, 5.765605329388279e-05
1571, 5.7679817599828885e-05
1572, 5.770357642382587e-05
1573, 5.772732977094108e-05
1574, 5.775107764623283e-05
1575, 5.777482005475218e-05
1576, 5.779855700153974e-05
1577, 5.782228849162938e-05
1578, 5.784601453004506e-05
1579, 5.7869735121803746e-05
1580, 5.7893450271913914e-05
1581, 5.791715998537439e-05
1582, 5.794086426717566e-05
1583, 5.796456312230195e-05
1584, 5.798825655572785e-05
1585, 5.801194457241825e-05
1586, 5.803562717733195e-05
1587, 5.80593043754193e-05
1588, 5.8082976171620104e-05
1589, 5.81066425708692e-05
1590, 5.813030357809148e-05
1591, 5.8153959198202776e-05
1592, 5.817760943611242e-05
1593, 5.820125429672133e-05
1594, 5.822489378492096e-05
1595, 5.82485279055964e-05
1596, 5.8272156663623826e-05
1597, 5.829578006387159e-05
1598, 5.8319398111199065e-05
1599, 5.834301081045861e-05
1600, 5.83666181664949e-05
1601, 5.8390220184143204e-05
1602, 5.841381686823248e-05
1603, 5.843740822358194e-05
1604, 5.846099425500458e-05
1605, 5.848457496730406e-05
1606, 5.850815036527772e-05
1607, 5.853172045371255e-05
1608, 5.855528523738998e-05
1609, 5.857884472108353e-05
1610, 5.86023989095568e-05
1611, 5.86259478075681e-05
1612, 5.8649491419866185e-05
1613, 5.867302975119213e-05
1614, 5.8696562806280436e-05
1615, 5.872009058985729e-05
1616, 5.874361310664088e-05
1617, 5.876713036134137e-05
1618, 5.87906423586625e-05
1619, 5.8814149103299155e-05
1620, 5.8837650599938634e-05
1621, 5.886114685326172e-05
1622, 5.8884637867940434e-05
1623, 5.890812364863903e-05
1624, 5.893160420001517e-05
1625, 5.8955079526718456e-05
1626, 5.897854963339172e-05
1627, 5.9002014524668525e-05
1628, 5.902547420517591e-05
1629, 5.904892867953378e-05
1630, 5.9072377952354146e-05
1631, 5.909582202824178e-05
1632, 5.91192609117932e-05
1633, 5.914269460759943e-05
1634, 5.916612312024176e-05
1635, 5.9189546454294716e-05
1636, 5.921296461432706e-05
1637, 5.923637760489838e-05
1638, 5.925978543056156e-05
1639, 5.9283188095861614e-05
1640, 5.930658560533757e-05
1641, 5.932997796352063e-05
1642, 5.935336517493337e-05
1643, 5.937674724409253e-05
1644, 5.940012417550747e-05
1645, 5.9423495973679664e-05
1646, 5.944686264310423e-05
1647, 5.947022418826797e-05
1648, 5.949358061365231e-05
1649, 5.9516931923730274e-05
1650, 5.954027812296659e-05
1651, 5.956361921582123e-05
1652, 5.958695520674524e-05
1653, 5.9610286100184254e-05
1654, 5.9633611900574694e-05
1655, 5.9656932612348485e-05
1656, 5.9680248239926876e-05
1657, 5.970355878772881e-05
1658, 5.972686426016203e-05
1659, 5.9750164661629284e-05
1660, 5.9773459996525745e-05
1661, 5.979675026924066e-05
1662, 5.982003548415447e-05
1663, 5.9843315645642615e-05
1664, 5.9866590758071814e-05
1665, 5.988986082580331e-05
1666, 5.991312585319118e-05
1667, 5.993638584458134e-05
1668, 5.995964080431425e-05
1669, 5.9982890736724006e-05
1670, 6.000613564613508e-05
1671, 6.0029375536868486e-05
1672, 6.0052610413236464e-05
1673, 6.0075840279545614e-05
1674, 6.009906514009407e-05
1675, 6.012228499917431e-05
1676, 6.0145499861072714e-05
1677, 6.016870973006756e-05
1678, 6.019191461043206e-05
1679, 6.021511450642978e-05
1680, 6.0238309422321697e-05
1681, 6.026149936235814e-05
1682, 6.0284684330786354e-05
1683, 6.030786433184374e-05
1684, 6.033103936976355e-05
1685, 6.035420944877023e-05
1686, 6.0377374573083794e-05
1687, 6.040053474691636e-05
1688, 6.0423689974473966e-05
1689, 6.0446840259955484e-05
1690, 6.046998560755401e-05
1691, 6.049312602145505e-05
1692, 6.05162615058402e-05
1693, 6.053939206488123e-05
1694, 6.056251770274465e-05
1695, 6.058563842359141e-05
1696, 6.060875423157541e-05
1697, 6.063186513084304e-05
1698, 6.0654971125536654e-05
1699, 6.067807221979006e-05
1700, 6.070116841773117e-05
1701, 6.072425972348248e-05
1702, 6.074734614115916e-05
1703, 6.077042767486951e-05
1704, 6.079350432871698e-05
1705, 6.081657610679772e-05
1706, 6.083964301320167e-05
1707, 6.086270505201254e-05
1708, 6.088576222730791e-05
1709, 6.0908814543159275e-05
1710, 6.0931862003631143e-05
1711, 6.095490461278194e-05
1712, 6.097794237466488e-05
1713, 6.1000975293326296e-05
1714, 6.1024003372804325e-05
1715, 6.104702661713523e-05
1716, 6.107004503034516e-05
1717, 6.109305861645614e-05
1718, 6.111606737948275e-05
1719, 6.113907132343532e-05
1720, 6.116207045231577e-05
1721, 6.118506477012239e-05
1722, 6.1208054280845e-05
1723, 6.12310389884684e-05
1724, 6.125401889697091e-05
1725, 6.127699401032686e-05
1726, 6.129996433250039e-05
1727, 6.132292986745409e-05
1728, 6.134589061914136e-05
1729, 6.136884659151099e-05
1730, 6.139179778850568e-05
1731, 6.141474421406183e-05
1732, 6.143768587210901e-05
1733, 6.146062276657332e-05
1734, 6.148355490137278e-05
1735, 6.150648228042004e-05
1736, 6.152940490762227e-05
1737, 6.155232278687971e-05
1738, 6.157523592208774e-05
1739, 6.159814431713511e-05
1740, 6.162104797590562e-05
1741, 6.164394690227582e-05
1742, 6.166684110011851e-05
1743, 6.168973057329809e-05
1744, 6.171261532567539e-05
1745, 6.173549536110449e-05
1746, 6.175837068343248e-05
1747, 6.1781241296503e-05
1748, 6.180410720415214e-05
1749, 6.182696841021136e-05
1750, 6.18498249185056e-05
1751, 6.187267673285433e-05
1752, 6.189552385707167e-05
1753, 6.191836629496514e-05
1754, 6.194120405033736e-05
1755, 6.196403712698456e-05
1756, 6.198686552869837e-05
1757, 6.200968925926457e-05
1758, 6.203250832246125e-05
1759, 6.205532272206348e-05
1760, 6.207813246183944e-05
1761, 6.210093754555284e-05
1762, 6.212373797695899e-05
1763, 6.214653375981109e-05
1764, 6.216932489785464e-05
1765, 6.219211139483014e-05
1766, 6.221489325447203e-05
1767, 6.223767048051062e-05
1768, 6.226044307666843e-05
1769, 6.228321104666543e-05
1770, 6.230597439421306e-05
1771, 6.232873312301919e-05
1772, 6.235148723678541e-05
1773, 6.237423673920795e-05
1774, 6.23969816339779e-05
1775, 6.241972192478089e-05
1776, 6.244245761529692e-05
1777, 6.246518870919954e-05
1778, 6.24879152101588e-05
1779, 6.251063712183871e-05
1780, 6.25333544478967e-05
1781, 6.255606719198558e-05
1782, 6.257877535775471e-05
1783, 6.260147894884432e-05
1784, 6.2624177968892e-05
1785, 6.264687242152894e-05
1786, 6.266956231038194e-05
1787, 6.269224763907154e-05
1788, 6.2714928411214e-05
1789, 6.273760463041764e-05
1790, 6.276027630028928e-05
1791, 6.278294342442803e-05
1792, 6.28056060064283e-05
1793, 6.282826404987959e-05
1794, 6.285091755836506e-05
1795, 6.28735665354643e-05
1796, 6.28962109847502e-05
1797, 6.291885090979184e-05
1798, 6.29414863141509e-05
1799, 6.296411720138609e-05
1800, 6.298674357505112e-05
1801, 6.300936543869218e-05
1802, 6.303198279585205e-05
1803, 6.305459565006776e-05
1804, 6.30772040048724e-05
1805, 6.309980786379105e-05
1806, 6.312240723034776e-05
1807, 6.314500210805895e-05
1808, 6.316759250043406e-05
1809, 6.319017841098257e-05
1810, 6.321275984320418e-05
1811, 6.323533680059678e-05
1812, 6.325790928664963e-05
1813, 6.328047730485161e-05
1814, 6.330304085868232e-05
1815, 6.332559995161929e-05
1816, 6.334815458713265e-05
1817, 6.337070476868938e-05
1818, 6.339325049975068e-05
1819, 6.341579178377379e-05
1820, 6.343832862420829e-05
1821, 6.346086102450134e-05
1822, 6.348338898809503e-05
1823, 6.350591251842555e-05
1824, 6.352843161892371e-05
1825, 6.355094629301815e-05
1826, 6.357345654412856e-05
1827, 6.359596237567269e-05
1828, 6.361846379106275e-05
1829, 6.364096079370545e-05
1830, 6.366345338700282e-05
1831, 6.368594157435257e-05
1832, 6.370842535914769e-05
1833, 6.373090474477522e-05
1834, 6.375337973461774e-05
1835, 6.377585033205429e-05
1836, 6.379831654045714e-05
1837, 6.382077836319494e-05
1838, 6.384323580363139e-05
1839, 6.386568886512609e-05
1840, 6.388813755103164e-05
1841, 6.391058186469857e-05
1842, 6.393302180947103e-05
1843, 6.395545738868789e-05
1844, 6.397788860568539e-05
1845, 6.400031546379458e-05
1846, 6.402273796633896e-05
1847, 6.404515611664125e-05
1848, 6.406756991801723e-05
1849, 6.408997937377693e-05
1850, 6.411238448722991e-05
1851, 6.413478526167654e-05
1852, 6.415718170041509e-05
1853, 6.41795738067374e-05
1854, 6.420196158393337e-05
1855, 6.422434503528519e-05
1856, 6.424672416407291e-05
1857, 6.426909897356946e-05
1858, 6.4291469467046e-05
1859, 6.431383564776754e-05
1860, 6.433619751899472e-05
1861, 6.435855508398261e-05
1862, 6.43809083459839e-05
1863, 6.440325730824416e-05
1864, 6.442560197400693e-05
1865, 6.444794234650937e-05
1866, 6.447027842898481e-05
1867, 6.449261022466266e-05
1868, 6.451493773676613e-05
1869, 6.453726096851597e-05
1870, 6.455957992312631e-05
1871, 6.458189460380931e-05
1872, 6.460420501376995e-05
1873, 6.462651115621012e-05
1874, 6.464881303432817e-05
1875, 6.46711106513163e-05
1876, 6.469340401036311e-05
1877, 6.471569311465263e-05
1878, 6.47379779673642e-05
1879, 6.476025857167255e-05
1880, 6.478253493074958e-05
1881, 6.480480704776156e-05
1882, 6.482707492587015e-05
1883, 6.484933856823241e-05
1884, 6.487159797800253e-05
1885, 6.489385315832866e-05
1886, 6.49161041123549e-05
1887, 6.493835084322286e-05
1888, 6.496059335406724e-05
1889, 6.498283164801956e-05
1890, 6.50050657282079e-05
1891, 6.50272955977538e-05
1892, 6.504952125977674e-05
1893, 6.507174271739125e-05
1894, 6.509395997370591e-05
1895, 6.511617303182749e-05
1896, 6.513838189485702e-05
1897, 6.516058656589176e-05
1898, 6.518278704802476e-05
1899, 6.520498334434472e-05
1900, 6.522717545793539e-05
1901, 6.524936339187746e-05
1902, 6.527154714924709e-05
1903, 6.529372673311516e-05
1904, 6.531590214655103e-05
1905, 6.533807339261541e-05
1906, 6.536024047436984e-05
1907, 6.538240339486751e-05
1908, 6.540456215716004e-05
1909, 6.542671676429457e-05
1910, 6.544886721931252e-05
1911, 6.547101352525313e-05
1912, 6.54931556851497e-05
1913, 6.55152937020331e-05
1914, 6.553742757892813e-05
1915, 6.555955731885867e-05
1916, 6.55816829248398e-05
1917, 6.560380439988687e-05
1918, 6.562592174700875e-05
1919, 6.564803496921152e-05
1920, 6.567014406949535e-05
1921, 6.56922490508585e-05
1922, 6.571434991629359e-05
1923, 6.573644666879056e-05
1924, 6.575853931133329e-05
1925, 6.578062784690378e-05
1926, 6.580271227847907e-05
1927, 6.582479260903153e-05
1928, 6.584686884153135e-05
1929, 6.586894097894158e-05
1930, 6.589100902422508e-05
1931, 6.591307298033752e-05
1932, 6.593513285023296e-05
1933, 6.595718863685996e-05
1934, 6.597924034316303e-05
1935, 6.60012879720844e-05
1936, 6.602333152656088e-05
1937, 6.604537100952467e-05
1938, 6.606740642390664e-05
1939, 6.608943777263041e-05
1940, 6.611146505861863e-05
1941, 6.613348828478882e-05
1942, 6.61555074540539e-05
1943, 6.617752256932397e-05
1944, 6.619953363350388e-05
1945, 6.622154064949674e-05
1946, 6.624354362019986e-05
1947, 6.62655425485082e-05
1948, 6.628753743731062e-05
1949, 6.630952828949535e-05
1950, 6.63315151079439e-05
1951, 6.635349789553449e-05
1952, 6.637547665514319e-05
1953, 6.639745138963945e-05
1954, 6.64194221018918e-05
1955, 6.64413887947641e-05
1956, 6.64633514711147e-05
1957, 6.648531013380004e-05
1958, 6.65072647856723e-05
1959, 6.652921542957933e-05
1960, 6.655116206836572e-05
1961, 6.657310470487177e-05
1962, 6.659504334193522e-05
1963, 6.661697798238884e-05
1964, 6.663890862906189e-05
1965, 6.666083528477998e-05
1966, 6.66827579523656e-05
1967, 6.670467663463651e-05
1968, 6.67265913344071e-05
1969, 6.674850205448804e-05
1970, 6.677040879768735e-05
1971, 6.679231156680683e-05
1972, 6.681421036464748e-05
1973, 6.683610519400475e-05
1974, 6.685799605767124e-05
1975, 6.687988295843508e-05
1976, 6.690176589908118e-05
1977, 6.6923644882391e-05
1978, 6.69455199111426e-05
1979, 6.696739098810985e-05
1980, 6.69892581160625e-05
1981, 6.701112129776799e-05
1982, 6.703298053598924e-05
1983, 6.705483583348532e-05
1984, 6.707668719301205e-05
1985, 6.709853461732293e-05
1986, 6.712037810916496e-05
1987, 6.714221767128366e-05
1988, 6.716405330642149e-05
1989, 6.718588501731527e-05
1990, 6.720771280670007e-05
1991, 6.722953667730537e-05
1992, 6.725135663186031e-05
1993, 6.727317267308672e-05
1994, 6.729498480370652e-05
1995, 6.731679302643447e-05
1996, 6.733859734398441e-05
1997, 6.73603977590661e-05
1998, 6.738219427438509e-05
1999, 6.74039868926443e-05
