273, 0.024662911891311846
274, 0.024726407393345615
275, 0.024789936009090074
276, 0.02485349716488996
277, 0.024917090294353763
278, 0.02498071483825092
279, 0.02504437024441107
280, 0.02510805596762343
281, 0.025171771469540048
282, 0.025235516218578467
283, 0.025299289689826056
284, 0.02536309136494768
285, 0.025426920732090658
286, 0.02549077728579722
287, 0.025554660526910803
288, 0.025618569962492177
289, 0.025682505105727706
290, 0.02574646547584819
291, 0.02581045059804027
292, 0.025874460003366948
293, 0.025938493228683246
294, 0.026002549816556152
295, 0.026066629315186225
296, 0.026130731278326547
297, 0.026194855265210128
298, 0.026259000840469136
299, 0.026323167574063302
300, 0.02638735504120623
301, 0.02645156282228977
302, 0.02651579050281734
303, 0.026580037673328796
304, 0.026644303929334708
305, 0.026708588871247066
306, 0.026772892104310733
307, 0.026837213238538042
308, 0.026901551888645847
309, 0.026965907673986808
310, 0.027030280218491243
311, 0.0270946691505993
312, 0.027159074103205554
313, 0.027223494713593255
314, 0.027287930623377744
315, 0.027352381478447707
316, 0.027416846928907283
317, 0.027481326629017765
318, 0.027545820237143036
319, 0.027610327415695274
320, 0.027674847831076856
321, 0.027739381153632312
322, 0.027803927057590674
323, 0.027868485221016787
324, 0.02793305532575764
325, 0.027997637057394435
326, 0.028062230105191117
327, 0.028126834162047525
328, 0.02819144892444804
329, 0.028256074092416626
330, 0.028320709369470502
331, 0.028385354462572364
332, 0.028450009082085743
333, 0.028514672941730424
334, 0.028579345758538023
335, 0.028644027252810286
336, 0.028708717148074728
337, 0.028773415171041712
338, 0.02883812105156567
339, 0.028902834522601943
340, 0.028967555320169307
341, 0.029032283183305106
342, 0.029097017854032913
343, 0.029161759077318963
344, 0.02922650660103677
345, 0.02929126017592786
346, 0.029356019555568366
347, 0.02942078449632731
348, 0.029485554757336836
349, 0.02955033010045284
350, 0.02961511029022213
351, 0.02967989509384782
352, 0.02974468428115455
353, 0.029809477624557754
354, 0.02987427489902856
355, 0.029939075882062502
356, 0.030003880353648094
357, 0.030068688096234763
358, 0.030133498894702255
359, 0.03019831253632975
360, 0.03026312881076823
361, 0.03032794751000688
362, 0.030392768428347386
363, 0.030457591362373235
364, 0.030522416110923413
365, 0.03058724247506146
366, 0.03065207025805111
367, 0.0307168992653274
368, 0.030781729304470415
369, 0.03084656018517811
370, 0.03091139171924213
371, 0.030976223720520946
372, 0.03104105600491462
373, 0.031105888390340515
374, 0.031170720696707357
375, 0.031235552745893527
376, 0.03130038436172124
377, 0.03136521536993206
378, 0.031430045598167596
379, 0.031494874875943005
380, 0.0315597030346251
381, 0.03162452990741245
382, 0.03168935532930976
383, 0.03175417913710894
384, 0.031819001169367284
385, 0.031883821266386676
386, 0.03194863927019128
387, 0.03201345502450878
388, 0.0320782683747495
389, 0.032143079167985936
390, 0.03220788725293544
391, 0.03227269247993828
392, 0.03233749470093954
393, 0.03240229376947065
394, 0.032467089540629476
395, 0.03253188187106441
396, 0.0325966706189542
397, 0.0326614556439911
398, 0.03272623680736201
399, 0.03279101397173445
400, 0.03285578700123373
401, 0.03292055576143263
402, 0.032985320119330065
403, 0.033050079943336204
404, 0.03311483510325745
405, 0.03317958547027745
406, 0.033244330916944426
407, 0.033309071317153396
408, 0.03337380654613198
409, 0.0334385364804263
410, 0.03350326099788209
411, 0.03356797997763525
412, 0.033632693300092505
413, 0.03369740084692047
414, 0.033762102501028554
415, 0.03382679814655812
416, 0.033891487668866134
417, 0.03395617095451257
418, 0.034020847891246854
419, 0.03408551836799534
420, 0.03415018227484519
421, 0.034214839503036165
422, 0.03427948994494423
423, 0.03434413349407004
424, 0.0344087700450255
425, 0.03447339949352478
426, 0.03453802173636808
427, 0.034602636671432416
428, 0.03466724419765807
429, 0.03473184421503829
430, 0.03479643662460724
431, 0.034861021328428055
432, 0.03492559822958298
433, 0.03499016723216074
434, 0.035054728241246155
435, 0.035119281162909806
436, 0.03518382590419781
437, 0.03524836237311925
438, 0.03531289047863803
439, 0.035377410130660994
440, 0.035441921240028575
441, 0.0355064237185051
442, 0.03557091747876692
443, 0.03563540243439675
444, 0.03569987849986804
445, 0.03576434559054274
446, 0.035828803622654115
447, 0.03589325251330343
448, 0.03595769218044867
449, 0.036022122542894455
450, 0.036086543520285896
451, 0.03615095503309513
452, 0.03621535700261846
453, 0.03627974935096201
454, 0.0363441320010376
455, 0.03640850487655179
456, 0.03647286790199881
457, 0.03653722100265186
458, 0.036601564104554424
459, 0.03666589713451275
460, 0.03673022002008959
461, 0.036794532689593096
462, 0.03685883507207208
463, 0.03692312709730593
464, 0.036987408695798134
465, 0.03705167979877105
466, 0.03711594033815384
467, 0.037180190246579065
468, 0.037244429457374106
469, 0.0373086579045543
470, 0.03737287552281521
471, 0.03743708224752564
472, 0.0375012780147231
473, 0.037565462761103466
474, 0.037629636424018634
475, 0.03769379894146381
476, 0.03775795025207761
477, 0.037822090295131186
478, 0.03788621901052301
479, 0.03795033633877369
480, 0.03801444222101707
481, 0.038078536598996564
482, 0.0381426194150601
483, 0.03820669061214883
484, 0.03827075013379709
485, 0.038334797924122886
486, 0.03839883392782352
487, 0.038462858090169076
488, 0.038526870356997686
489, 0.038590870674709614
490, 0.03865485899025967
491, 0.03871883525115657
492, 0.038782799405451235
493, 0.038846751401735755
494, 0.03891069118913848
495, 0.03897461871731511
496, 0.03903853393644635
497, 0.039102436797232576
498, 0.03916632725088709
499, 0.03923020524913348
500, 0.039294070744198814
501, 0.03935792368880873
502, 0.03942176403618358
503, 0.03948559174003452
504, 0.039549406754556565
505, 0.0396132090344227
506, 0.039676998534785436
507, 0.03974077521126548
508, 0.039804539019950055
509, 0.03986828991738903
510, 0.039932027860588595
511, 0.03999575280700933
512, 0.040059464714559914
513, 0.04012316354159254
514, 0.04018684924690093
515, 0.04025052178971372
516, 0.04031418112969201
517, 0.04037782722692425
518, 0.04044146004192255
519, 0.0405050795356188
520, 0.040568685669360456
521, 0.040632278404905825
522, 0.040695857704422744
523, 0.040759423530480926
524, 0.040822975846052614
525, 0.04088651461450467
526, 0.04095003979959653
527, 0.0410135513654786
528, 0.04107704927668347
529, 0.041140533498128413
530, 0.04120400399510735
531, 0.041267460733289296
532, 0.04133090367871363
533, 0.04139433279778883
534, 0.04145774805728582
535, 0.04152114942433856
536, 0.04158453686643642
537, 0.04164791035142411
538, 0.041711269847497776
539, 0.04177461532319972
540, 0.041837946747418024
541, 0.04190126408938155
542, 0.041964567318657595
543, 0.04202785640514836
544, 0.04209113131908791
545, 0.04215439203103939
546, 0.042217638511890934
547, 0.04228087073285659
548, 0.04234408866546607
549, 0.04240729228157065
550, 0.04247048155333151
551, 0.04253365645322493
552, 0.042596816954032724
553, 0.04265996302884355
554, 0.042723094651049676
555, 0.04278621179434314
556, 0.042849314432712594
557, 0.042912402540442256
558, 0.04297547609210782
559, 0.04303853506257535
560, 0.04310157942699743
561, 0.043164609160810274
562, 0.043227624239732254
563, 0.04329062463976115
564, 0.04335361033717091
565, 0.04341658130851097
566, 0.04347953753059991
567, 0.043542478980528196
568, 0.04360540563565283
569, 0.04366831747359373
570, 0.043731214472234645
571, 0.043794096609718405
572, 0.043856963864445056
573, 0.04391981621507075
574, 0.043982653640503896
575, 0.044045476119904434
576, 0.04410828363268003
577, 0.044171076158484215
578, 0.044233853677216224
579, 0.044296616169016576
580, 0.04435936361426421
581, 0.04442209599357876
582, 0.04448481328781291
583, 0.04454751547805315
584, 0.04461020254561869
585, 0.044672874472057866
586, 0.04473553123914618
587, 0.04479817282888404
588, 0.0448607992234967
589, 0.04492341040543048
590, 0.04498600635734951
591, 0.04504858706213946
592, 0.045111152502897635
593, 0.04517370266293831
594, 0.04523623752578642
595, 0.04529875707517686
596, 0.04536126129505393
597, 0.045423750169567956
598, 0.04548622368307361
599, 0.045548681820129645
600, 0.04561112456549496
601, 0.04567355190412857
602, 0.045735963821188
603, 0.04579836030202498
604, 0.045860741332187566
605, 0.04592310689741473
606, 0.045985456983638345
607, 0.04604779157697833
608, 0.04611011066374317
609, 0.046172414230427054
610, 0.046234702263708585
611, 0.0462969747504506
612, 0.046359231677695664
613, 0.04642147303266818
614, 0.0464836988027674
615, 0.04654590897557398
616, 0.04660810353884117
617, 0.046670282480495824
618, 0.046732445788638104
619, 0.046794593451537636
620, 0.04685672545763657
621, 0.04691884179554185
622, 0.046980942454027716
623, 0.047043027422034436
624, 0.047105096688665915
625, 0.04716715024318656
626, 0.04722918807502334
627, 0.04729121017376437
628, 0.047353216529151504
629, 0.0474152071310876
630, 0.047477181969630064
631, 0.0475391410349891
632, 0.04760108431752982
633, 0.047663011807768274
634, 0.04772492349636923
635, 0.047786819374149504
636, 0.047848699432071734
637, 0.04791056366124666
638, 0.047972412052929125
639, 0.04803424459851801
640, 0.048096061289555965
641, 0.04815786211772804
642, 0.048219647074858624
643, 0.04828141615291136
644, 0.048343169343988995
645, 0.048404906640331216
646, 0.04846662803431297
647, 0.048528333518445335
648, 0.048590023085371
649, 0.0486516967278673
650, 0.04871335443884087
651, 0.04877499621133145
652, 0.04883662203850579
653, 0.048898231913658934
654, 0.04895982583021531
655, 0.04902140378172176
656, 0.04908296576185288
657, 0.049144511764406956
658, 0.049206041783303754
659, 0.049267555812586725
660, 0.04932905384641914
661, 0.04939053587908434
662, 0.04945200190498421
663, 0.04951345191864058
664, 0.04957488591468924
665, 0.04963630388788355
666, 0.04969770583309209
667, 0.04975909174529772
668, 0.049820461619594414
669, 0.04988181545119096
670, 0.04994315323540596
671, 0.05000447496766848
672, 0.05006578064351726
673, 0.05012707025859864
674, 0.05018834380866937
675, 0.05024960128958892
676, 0.05031084269732661
677, 0.0503720680279529
678, 0.05043327727764556
679, 0.05049447044268457
680, 0.05055564751945117
681, 0.05061680850443063
682, 0.05067795339420669
683, 0.050739082185463205
684, 0.050800194874985244
685, 0.050861291459652826
686, 0.05092237193644703
687, 0.05098343630244295
688, 0.05104448455481342
689, 0.051105516690823666
690, 0.05116653270783675
691, 0.05122753260330688
692, 0.05128851637478159
693, 0.05134948401990059
694, 0.051410435536395405
695, 0.05147137092208641
696, 0.05153229017488462
697, 0.051593193292792064
698, 0.05165408027389541
699, 0.05171495111637244
700, 0.051775805818484184
701, 0.0518366443785819
702, 0.05189746679509871
703, 0.05195827306655457
704, 0.052019063191551834
705, 0.05207983716877966
706, 0.052140594997005615
707, 0.0522013366750818
708, 0.05226206220194089
709, 0.05232277157659698
710, 0.05238346479814329
711, 0.05244414186575268
712, 0.05250480277867674
713, 0.05256544753624588
714, 0.052626076137865616
715, 0.052686688583022716
716, 0.05274728487127535
717, 0.05280786500225966
718, 0.052868428975685944
719, 0.05292897679134037
720, 0.0529895084490809
721, 0.05305002394883916
722, 0.05311052329062049
723, 0.05317100647450035
724, 0.053231473500627347
725, 0.05329192436921944
726, 0.05335235908056568
727, 0.05341277763502315
728, 0.053473180033022136
729, 0.053533566275054886
730, 0.05359393636168683
731, 0.05365429029354912
732, 0.05371462807133959
733, 0.05377494969582325
734, 0.05383525516782814
735, 0.05389554448825164
736, 0.05395581765805274
737, 0.05401607467825499
738, 0.054076315549946824
739, 0.054136540274278666
740, 0.054196748852463325
741, 0.05425694128577678
742, 0.05431711757555581
743, 0.054377277723198565
744, 0.054437421730164096
745, 0.054497549597969916
746, 0.054557661328194645
747, 0.054617756922476314
748, 0.05467783638251093
749, 0.0547378997100517
750, 0.05479794690691053
751, 0.05485797797495684
752, 0.05491799291611567
753, 0.05497799173236962
754, 0.05503797442575595
755, 0.0550979409983683
756, 0.05515789145235417
757, 0.05521782578991516
758, 0.055277744013309434
759, 0.05533764612484368
760, 0.055397532126885224
761, 0.05545740202184638
762, 0.055517255812196256
763, 0.05557709350045461
764, 0.055636915089192114
765, 0.055696720581031825
766, 0.05575650997864486
767, 0.05581628328475579
768, 0.05587604050213586
769, 0.05593578163360646
770, 0.055995506682039814
771, 0.056055215650354
772, 0.05611490854151638
773, 0.05617458535854217
774, 0.056234246104493
775, 0.056293890782479775
776, 0.05635351939565679
777, 0.056413131947226566
778, 0.05647272844043647
779, 0.05653230887857963
780, 0.056591873264994416
781, 0.05665142160306326
782, 0.05671095389621417
783, 0.05677047014791759
784, 0.056829970361687195
785, 0.056889454541081894
786, 0.05694892268970146
787, 0.05700837481118904
788, 0.05706781090923027
789, 0.05712723098755075
790, 0.05718663504991984
791, 0.0572460231001474
792, 0.05730539514208259
793, 0.057364751179616466
794, 0.05742409121667923
795, 0.05748341525724152
796, 0.05754272330531354
797, 0.05760201536494367
798, 0.057661291440219566
799, 0.05772055153526681
800, 0.057779795654249615
801, 0.0578390238013712
802, 0.057898235980868844
803, 0.057957432197019806
804, 0.058016612454137736
805, 0.05807577675657221
806, 0.058134925108709816
807, 0.05819405751497264
808, 0.058253173979816636
809, 0.058312274507737474
810, 0.05837135910326062
811, 0.05843042777094938
812, 0.05848948051540256
813, 0.058548517341248996
814, 0.05860753825315487
815, 0.05866654325581949
816, 0.0587255323539744
817, 0.05878450555238363
818, 0.058843462855846296
819, 0.05890240426919177
820, 0.05896132979728183
821, 0.05902023944501229
822, 0.05907913321730725
823, 0.05913801111912477
824, 0.05919687315545233
825, 0.05925571933130945
826, 0.059314549651746505
827, 0.059373364121842104
828, 0.059432162746706735
829, 0.059490945531479586
830, 0.059549712481330716
831, 0.05960846360145795
832, 0.05966719889708941
833, 0.05972591837348125
834, 0.05978462203591752
835, 0.05984330988971215
836, 0.05990198194020547
837, 0.05996063819276659
838, 0.060019278652792045
839, 0.060077903325705645
840, 0.06013651221695818
841, 0.06019510533202678
842, 0.06025368267641604
843, 0.06031224425565617
844, 0.06037079007530324
845, 0.060429320140940955
846, 0.060487834458177514
847, 0.060546333032646074
848, 0.06060481587000553
849, 0.06066328297593929
850, 0.06072173435615828
851, 0.06078017001639335
852, 0.06083858996240285
853, 0.06089699419996883
854, 0.060955382734896785
855, 0.061013755573016464
856, 0.06107211272018027
857, 0.06113045418226462
858, 0.06118877996516841
859, 0.06124709007481439
860, 0.06130538451714636
861, 0.06136366329813321
862, 0.06142192642376234
863, 0.06148017390004784
864, 0.06153840573302036
865, 0.06159662192873672
866, 0.06165482249327331
867, 0.06171300743272799
868, 0.061771176753219456
869, 0.06182933046088694
870, 0.06188746856189217
871, 0.06194559106241642
872, 0.06200369796865933
873, 0.0620617892868439
874, 0.06211986502321173
875, 0.062177925184023104
876, 0.062235969775558786
877, 0.06229399880411915
878, 0.06235201227602543
879, 0.06241001019761352
880, 0.06246799257524284
881, 0.06252595941528785
882, 0.06258391072414367
883, 0.06264184650822474
884, 0.06269976677396075
885, 0.06275767152780173
886, 0.06281556077621353
887, 0.06287343452568142
888, 0.06293129278270823
889, 0.06298913555381229
890, 0.06304696284553182
891, 0.06310477466441913
892, 0.0631625710170459
893, 0.06322035190999872
894, 0.06327811734988117
895, 0.06333586734331369
896, 0.0633936018969328
897, 0.06345132101739231
898, 0.06350902471135839
899, 0.06356671298551565
900, 0.06362438584656474
901, 0.06368204330121965
902, 0.06373968535621193
903, 0.06379731201828684
904, 0.06385492329420484
905, 0.06391251919074112
906, 0.06397009971468556
907, 0.06402766487284339
908, 0.06408521467203332
909, 0.06414274911909029
910, 0.06420026822086003
911, 0.06425777198420467
912, 0.06431526041599908
913, 0.06437273352313264
914, 0.06443019131250907
915, 0.06448763379104214
916, 0.06454506096566356
917, 0.06460247284331426
918, 0.06465986943095056
919, 0.0647172507355405
920, 0.06477461676406532
921, 0.06483196752351862
922, 0.06488930302090806
923, 0.06494662326325024
924, 0.06500392825757734
925, 0.06506121801093281
926, 0.06511849253037022
927, 0.06517575182295808
928, 0.06523299589577392
929, 0.06529022475590801
930, 0.06534743841046228
931, 0.06540463686655051
932, 0.06546182013129614
933, 0.06551898821183433
934, 0.06557614111531276
935, 0.06563327884888906
936, 0.06569040141972879
937, 0.06574750883501361
938, 0.06580460110193097
939, 0.06586167822768074
940, 0.06591874021947372
941, 0.06597578708452964
942, 0.06603281883007864
943, 0.06608983546336157
944, 0.06614683699162731
945, 0.06620382342213696
946, 0.06626079476216029
947, 0.06631775101897525
948, 0.06637469219987001
949, 0.06643161831214336
950, 0.06648852936310096
951, 0.06654542536006033
952, 0.06660230631034414
953, 0.06665917222128877
954, 0.06671602310023551
955, 0.0667728589545363
956, 0.06682967979154956
957, 0.06688648561864635
958, 0.06694327644320164
959, 0.06700005227259975
960, 0.06705681311423445
961, 0.06711355897550832
962, 0.06717028986382831
963, 0.06722700578661414
964, 0.06728370675128845
965, 0.06734039276528452
966, 0.06739706383604314
967, 0.06745371997101167
968, 0.06751036117764438
969, 0.06756698746340487
970, 0.06762359883576077
971, 0.06768019530219035
972, 0.06773677687017765
973, 0.06779334354721112
974, 0.067849895340791
975, 0.06790643225842012
976, 0.06796295430760935
977, 0.06801946149587632
978, 0.0680759538307446
979, 0.06813243131974642
980, 0.0681888939704169
981, 0.06824534179029904
982, 0.06830177478694241
983, 0.0683581929679015
984, 0.06841459634073827
985, 0.06847098491301985
986, 0.06852735869231874
987, 0.0685837176862133
988, 0.0686400619022877
989, 0.06869639134813282
990, 0.06875270603134322
991, 0.06880900595951926
992, 0.06886529114026818
993, 0.06892156158119982
994, 0.06897781728993141
995, 0.06903405827408483
996, 0.06909028454128632
997, 0.06914649609916684
998, 0.06920269295536427
999, 0.06925887511751888
1000, 0.0693150425932757
1001, 0.0693711953902872
1002, 0.06942733351620743
1003, 0.06948345697869596
1004, 0.0695395657854164
1005, 0.06959565994403807
1006, 0.06965173946223288
1007, 0.06970780434767776
1008, 0.06976385460805487
1009, 0.06981989025104729
1010, 0.06987591128434581
1011, 0.06993191771564251
1012, 0.06998790955263398
1013, 0.07004388680302151
1014, 0.07009984947450902
1015, 0.07015579757480503
1016, 0.07021173111161966
1017, 0.07026765009266878
1018, 0.07032355452567188
1019, 0.07037944441834962
1020, 0.07043531977842805
1021, 0.0704911806136353
1022, 0.07054702693170292
1023, 0.07060285874036623
1024, 0.07065867604736153
1025, 0.07071447886043185
1026, 0.07077026718731969
1027, 0.07082604103577139
1028, 0.07088180041353792
1029, 0.07093754532837002
1030, 0.07099327578802377
1031, 0.07104899180025678
1032, 0.07110469337282777
1033, 0.07116038051350101
1034, 0.07121605323004
1035, 0.07127171153021301
1036, 0.07132735542179058
1037, 0.07138298491254405
1038, 0.07143860001024888
1039, 0.07149420072267976
1040, 0.07154978705761646
1041, 0.07160535902283952
1042, 0.07166091662613147
1043, 0.07171645987527744
1044, 0.07177198877806293
1045, 0.07182750334227686
1046, 0.07188300357571034
1047, 0.07193848948615306
1048, 0.07199396108140044
1049, 0.07204941836924678
1050, 0.07210486135748809
1051, 0.0721602900539239
1052, 0.07221570446635237
1053, 0.07227110460257627
1054, 0.07232649047039716
1055, 0.07238186207761865
1056, 0.07243721943204613
1057, 0.0724925625414857
1058, 0.07254789141374296
1059, 0.07260320605663015
1060, 0.07265850647795365
1061, 0.07271379268552444
1062, 0.07276906468715584
1063, 0.07282432249065733
1064, 0.07287956610384466
1065, 0.07293479553453078
1066, 0.07299001079053068
1067, 0.07304521187966045
1068, 0.07310039880973576
1069, 0.07315557158857294
1070, 0.07321073022399094
1071, 0.07326587472380655
1072, 0.07332100509583866
1073, 0.07337612134790653
1074, 0.07343122348782938
1075, 0.07348631152342563
1076, 0.07354138546251719
1077, 0.07359644531292342
1078, 0.07365149108246533
1079, 0.07370652277896383
1080, 0.07376154041023862
1081, 0.07381654398411211
1082, 0.07387153350840389
1083, 0.07392650899093606
1084, 0.07398147043952907
1085, 0.07403641786200452
1086, 0.07409135126618258
1087, 0.07414627065988444
1088, 0.07420117605093055
1089, 0.07425606744714111
1090, 0.07431094485633691
1091, 0.07436580828633592
1092, 0.07442065774495984
1093, 0.07447549324002692
1094, 0.07453031477935408
1095, 0.07458512237076115
1096, 0.07463991602206557
1097, 0.07469469574108353
1098, 0.07474946153563293
1099, 0.07480421341352977
1100, 0.07485895138258752
1101, 0.07491367545062227
1102, 0.07496838562544841
1103, 0.07502308191487797
1104, 0.07507776432672289
1105, 0.07513243286879592
1106, 0.0751870875489078
1107, 0.07524172837486737
1108, 0.07529635535448322
1109, 0.07535096849556439
1110, 0.07540556780591738
1111, 0.0754601532933476
1112, 0.07551472496566045
1113, 0.07556928283065889
1114, 0.07562382689614583
1115, 0.07567835716992313
1116, 0.07573287365978947
1117, 0.07578737637354593
1118, 0.07584186531898915
1119, 0.07589634050391414
1120, 0.07595080193611839
1121, 0.07600524962339386
1122, 0.07605968357353421
1123, 0.07611410379432906
1124, 0.07616851029356819
1125, 0.0762229030790401
1126, 0.07627728215853097
1127, 0.0763316475398245
1128, 0.07638599923070619
1129, 0.07644033723895535
1130, 0.07649466157235493
1131, 0.0765489722386799
1132, 0.07660326924570923
1133, 0.07665755260121754
1134, 0.07671182231297854
1135, 0.07676607838876165
1136, 0.07682032083633958
1137, 0.0768745496634774
1138, 0.07692876487794204
1139, 0.0769829664874973
1140, 0.07703715449990639
1141, 0.07709132892292801
1142, 0.07714548976432256
1143, 0.07719963703184322
1144, 0.07725377073324655
1145, 0.07730789087628423
1146, 0.07736199746870503
1147, 0.07741609051825742
1148, 0.07747017003268827
1149, 0.07752423601974111
1150, 0.07757828848715591
1151, 0.07763232744267244
1152, 0.07768635289402892
1153, 0.07774036484895963
1154, 0.07779436331519624
1155, 0.07784834830046912
1156, 0.07790231981250688
1157, 0.07795627785903499
1158, 0.0780102224477747
1159, 0.07806415358644858
1160, 0.07811807128277445
1161, 0.07817197554446753
1162, 0.07822586637924217
1163, 0.07827974379480902
1164, 0.07833360779887508
1165, 0.0783874583991476
1166, 0.07844129560333007
1167, 0.07849511941912163
1168, 0.07854892985422118
1169, 0.07860272691632353
1170, 0.0786565106131217
1171, 0.0787102809523062
1172, 0.0787640379415637
1173, 0.07881778158857825
1174, 0.07887151190103323
1175, 0.07892522888660675
1176, 0.07897893255297525
1177, 0.07903262290781232
1178, 0.07908629995878855
1179, 0.07913996371357263
1180, 0.07919361417982773
1181, 0.07924725136521768
1182, 0.07930087527740112
1183, 0.07935448592403338
1184, 0.07940808331276916
1185, 0.07946166745125763
1186, 0.07951523834714694
1187, 0.07956879600808142
1188, 0.07962234044170206
1189, 0.07967587165564737
1190, 0.07972938965755144
1191, 0.0797828944550484
1192, 0.07983638605576665
1193, 0.07988986446733146
1194, 0.07994332969736537
1195, 0.07999678175348966
1196, 0.08005022064331804
1197, 0.08010364637446685
1198, 0.08015705895454428
1199, 0.08021045839115779
1200, 0.08026384469191003
1201, 0.08031721786440352
1202, 0.08037057791623275
1203, 0.08042392485499289
1204, 0.08047725868827564
1205, 0.08053057942366473
1206, 0.08058388706874697
1207, 0.08063718163110138
1208, 0.08069046311830547
1209, 0.0807437315379334
1210, 0.08079698689755402
1211, 0.0808502292047347
1212, 0.08090345846704078
1213, 0.08095667469202827
1214, 0.08100987788725691
1215, 0.08106306806027999
1216, 0.0811162452186443
1217, 0.08116940936989807
1218, 0.08122256052158128
1219, 0.08127569868123502
1220, 0.08132882385639462
1221, 0.08138193605459054
1222, 0.08143503528335241
1223, 0.08148812155020328
1224, 0.0815411948626645
1225, 0.08159425522825453
1226, 0.08164730265448511
1227, 0.08170033714886693
1228, 0.08175335871890771
1229, 0.08180636737210839
1230, 0.08185936311596828
1231, 0.08191234595798264
1232, 0.08196531590564374
1233, 0.08201827296643846
1234, 0.08207121714785137
1235, 0.0821241484573601
1236, 0.0821770669024445
1237, 0.08222997249057643
1238, 0.08228286522922403
1239, 0.08233574512585212
1240, 0.08238861218792246
1241, 0.0824414664228913
1242, 0.08249430783821482
1243, 0.08254713644133918
1244, 0.0825999522397117
1245, 0.08265275524077484
1246, 0.08270554545196551
1247, 0.0827583228807175
1248, 0.08281108753446154
1249, 0.08286383942062434
1250, 0.08291657854662714
1251, 0.0829693049198878
1252, 0.08302201854782129
1253, 0.08307471943783915
1254, 0.0831274075973435
1255, 0.08318008303374072
1256, 0.08323274575442749
1257, 0.08328539576679854
1258, 0.08333803307824274
1259, 0.08339065769614804
1260, 0.08344326962789553
1261, 0.08349586888086255
1262, 0.08354845546242387
1263, 0.08360102937994807
1264, 0.08365359064080258
1265, 0.083706139252348
1266, 0.08375867522194319
1267, 0.08381119855693894
1268, 0.08386370926468677
1269, 0.08391620735252953
1270, 0.08396869282781041
1271, 0.08402116569786469
1272, 0.08407362597002546
1273, 0.08412607365162134
1274, 0.08417850874997529
1275, 0.08423093127240766
1276, 0.08428334122623482
1277, 0.08433573861876767
1278, 0.0843881234573152
1279, 0.08444049574917703
1280, 0.08449285550165345
1281, 0.08454520272204091
1282, 0.08459753741762749
1283, 0.08464985959570012
1284, 0.0847021692635393
1285, 0.08475446642842258
1286, 0.08480675109762545
1287, 0.084859023278414
1288, 0.08491128297805281
1289, 0.08496353020380304
1290, 0.08501576496292176
1291, 0.08506798726265624
1292, 0.08512019711025758
1293, 0.08517239451296664
1294, 0.0852245794780226
1295, 0.0852767520126581
1296, 0.08532891212410411
1297, 0.08538105981958626
1298, 0.08543319510632291
1299, 0.08548531799153408
1300, 0.08553742848242846
1301, 0.08558952658621384
1302, 0.0856416123100969
1303, 0.08569368566127314
1304, 0.08574574664693739
1305, 0.08579779527428052
1306, 0.08584983155048642
1307, 0.08590185548273689
1308, 0.08595386707820957
1309, 0.08600586634407367
1310, 0.08605785328750008
1311, 0.08610982791564857
1312, 0.08616179023568056
1313, 0.08621374025474896
1314, 0.08626567798000295
1315, 0.08631760341858649
1316, 0.0863695165776433
1317, 0.08642141746430672
1318, 0.0864733060857102
1319, 0.08652518244897761
1320, 0.08657704656123402
1321, 0.08662889842959762
1322, 0.08668073806118007
1323, 0.0867325654630905
1324, 0.08678438064243393
1325, 0.08683618360630982
1326, 0.08688797436181332
1327, 0.08693975291603304
1328, 0.08699151927605869
1329, 0.08704327344896715
1330, 0.0870950154418387
1331, 0.08714674526174268
1332, 0.08719846291574856
1333, 0.08725016841092051
1334, 0.08730186175431323
1335, 0.08735354295298278
1336, 0.08740521201397683
1337, 0.08745686894434135
1338, 0.08750851375111476
1339, 0.08756014644133485
1340, 0.08761176702202861
1341, 0.08766337550022388
1342, 0.08771497188294267
1343, 0.08776655617719974
1344, 0.08781812839000692
1345, 0.08786968852837385
1346, 0.08792123659929979
1347, 0.08797277260978653
1348, 0.08802429656682365
1349, 0.08807580847740196
1350, 0.08812730834850449
1351, 0.08817879618711039
1352, 0.08823027200019509
1353, 0.08828173579472745
1354, 0.08833318757767225
1355, 0.08838462735599004
1356, 0.0884360551366376
1357, 0.08848747092656445
1358, 0.08853887473271899
1359, 0.08859026656203964
1360, 0.0886416464214662
1361, 0.08869301431792997
1362, 0.0887443702583563
1363, 0.0887957142496705
1364, 0.0888470462987904
1365, 0.08889836641262594
1366, 0.08894967459808886
1367, 0.08900097086208153
1368, 0.08905225521150362
1369, 0.08910352765324804
1370, 0.08915478819420589
1371, 0.08920603684125988
1372, 0.08925727360129215
1373, 0.08930849848117492
1374, 0.0893597114877816
1375, 0.08941091262797632
1376, 0.08946210190861936
1377, 0.08951327933656819
1378, 0.08956444491867246
1379, 0.08961559866178018
1380, 0.08966674057273266
1381, 0.0897178706583667
1382, 0.08976898892551438
1383, 0.08982009538100369
1384, 0.08987119003165495
1385, 0.08992227288428917
1386, 0.08997334394571616
1387, 0.09002440322274727
1388, 0.09007545072218404
1389, 0.09012648645082408
1390, 0.0901775104154649
1391, 0.09022852262289076
1392, 0.09027952307988854
1393, 0.09033051179323706
1394, 0.09038148876971114
1395, 0.09043245401607927
1396, 0.09048340753910905
1397, 0.09053434934555708
1398, 0.09058527944218034
1399, 0.09063619783572979
1400, 0.09068710453295081
1401, 0.09073799954058288
1402, 0.09078888286536307
1403, 0.09083975451402282
1404, 0.09089061449328682
1405, 0.09094146280987889
1406, 0.09099229947051385
1407, 0.09104312448190391
1408, 0.09109393785075556
1409, 0.09114473958377231
1410, 0.09119552968765024
1411, 0.09124630816908184
1412, 0.09129707503475473
1413, 0.09134783029135188
1414, 0.09139857394555145
1415, 0.0914493060040245
1416, 0.09150002647344264
1417, 0.09155073536046715
1418, 0.09160143267175519
1419, 0.09165211841396342
1420, 0.09170279259374027
1421, 0.09175345521772663
1422, 0.09180410629256325
1423, 0.09185474582488695
1424, 0.09190537382132202
1425, 0.09195599028849669
1426, 0.09200659523302901
1427, 0.0920571886615363
1428, 0.09210777058062433
1429, 0.09215834099690169
1430, 0.09220889991696729
1431, 0.09225944734741705
1432, 0.09230998329483911
1433, 0.0923605077658223
1434, 0.0924110207669451
1435, 0.09246152230478435
1436, 0.09251201238591075
1437, 0.09256249101689179
1438, 0.092612958204286
1439, 0.09266341395465198
1440, 0.09271385827453994
1441, 0.0927642911704994
1442, 0.09281471264906815
1443, 0.09286512271678575
1444, 0.09291552138018468
1445, 0.09296590864578891
1446, 0.09301628452012478
1447, 0.0930666490097078
1448, 0.09311700212105056
1449, 0.09316734386066122
1450, 0.09321767423504222
1451, 0.09326799325069204
1452, 0.09331830091410288
1453, 0.09336859723176291
1454, 0.09341888221015748
1455, 0.09346915585576454
1456, 0.09351941817505657
1457, 0.0935696691745029
1458, 0.0936199088605682
1459, 0.09367013723970927
1460, 0.09372035431838263
1461, 0.09377056010303597
1462, 0.09382075460011588
1463, 0.09387093781605886
1464, 0.0939211097573042
1465, 0.0939712704302764
1466, 0.09402141984140301
1467, 0.09407155799710486
1468, 0.09412168490379474
1469, 0.09417180056788682
1470, 0.09422190499578233
1471, 0.09427199819388567
1472, 0.09432208016858959
1473, 0.09437215092628719
1474, 0.0944222104733625
1475, 0.09447225881619975
1476, 0.09452229596117015
1477, 0.09457232191464968
1478, 0.09462233668300496
1479, 0.09467234027259558
1480, 0.09472233268977825
1481, 0.09477231394090604
1482, 0.09482228403232634
1483, 0.09487224297038041
1484, 0.09492219076140651
1485, 0.09497212741173655
1486, 0.09502205292770052
1487, 0.0950719673156172
1488, 0.09512187058180707
1489, 0.09517176273258417
1490, 0.09522164377425374
1491, 0.09527151371312263
1492, 0.09532137255548737
1493, 0.09537122030764175
1494, 0.09542105697587447
1495, 0.09547088256647149
1496, 0.09552069708571002
1497, 0.09557050053986577
1498, 0.09562029293520702
1499, 0.09567007427799851
1500, 0.09571984457450036
1501, 0.0957696038309678
1502, 0.09581935205365263
1503, 0.09586908924879595
1504, 0.09591881542264087
1505, 0.09596853058142299
1506, 0.09601823473137315
1507, 0.09606792787871613
1508, 0.09611761002967398
1509, 0.09616728119046324
1510, 0.09621694136729464
1511, 0.09626659056637485
1512, 0.09631622879390536
1513, 0.09636585605608419
1514, 0.09641547235910289
1515, 0.09646507770914861
1516, 0.0965146721124032
1517, 0.09656425557504629
1518, 0.09661382810324776
1519, 0.09666338970317753
1520, 0.09671294038099879
1521, 0.09676248014286967
1522, 0.09681200899494326
1523, 0.09686152694336775
1524, 0.09691103399428883
1525, 0.09696053015384459
1526, 0.09701001542817066
1527, 0.09705948982339313
1528, 0.09710895334564086
1529, 0.09715840600102993
1530, 0.09720784779567809
1531, 0.09725727873569576
1532, 0.09730669882718541
1533, 0.09735610807625047
1534, 0.09740550648898713
1535, 0.09745489407148408
1536, 0.09750427082982929
1537, 0.09755363677010329
1538, 0.09760299189838359
1539, 0.09765233622074213
1540, 0.0977016697432465
1541, 0.09775099247195779
1542, 0.09780030441293375
1543, 0.09784960557222605
1544, 0.09789889595588701
1545, 0.09794817556995426
1546, 0.09799744442047048
1547, 0.09804670251346798
1548, 0.0980959498549739
1549, 0.09814518645101482
1550, 0.09819441230760922
1551, 0.09824362743077172
1552, 0.09829283182651236
1553, 0.09834202550083512
1554, 0.09839120845974178
1555, 0.0984403807092269
1556, 0.09848954225528195
1557, 0.09853869310389247
1558, 0.09858783326104036
1559, 0.09863696273270055
1560, 0.09868608152484573
1561, 0.09873518964344385
1562, 0.09878428709445598
1563, 0.09883337388383936
1564, 0.09888245001754986
1565, 0.09893151550153201
1566, 0.09898057034173006
1567, 0.09902961454408371
1568, 0.09907864811452591
1569, 0.09912767105898543
1570, 0.0991766833833865
1571, 0.09922568509365079
1572, 0.09927467619569019
1573, 0.09932365669541818
1574, 0.09937262659873786
1575, 0.09942158591155165
1576, 0.09947053463975412
1577, 0.09951947278923884
1578, 0.09956840036588838
1579, 0.09961731737558951
1580, 0.09966622382421562
1581, 0.09971511971764319
1582, 0.09976400506173537
1583, 0.09981287986235854
1584, 0.09986174412537177
1585, 0.09991059785662536
1586, 0.09995944106197147
1587, 0.10000827374725202
1588, 0.10005709591830964
1589, 0.10010590758097675
1590, 0.10015470874108393
1591, 0.10020349940445764
1592, 0.1002522795769192
1593, 0.10030104926428424
1594, 0.10034980847236459
1595, 0.1003985572069661
1596, 0.10044729547389351
1597, 0.10049602327894297
1598, 0.10054474062790608
1599, 0.10059344752657323
1600, 0.10064214398072618
1601, 0.10069082999614626
1602, 0.10073950557860553
1603, 0.10078817073387435
1604, 0.10083682546771772
1605, 0.10088546978589663
1606, 0.10093410369416511
1607, 0.10098272719827717
1608, 0.10103134030397681
1609, 0.10107994301700718
1610, 0.10112853534310398
1611, 0.10117711728799944
1612, 0.10122568885742535
1613, 0.10127425005710035
1614, 0.1013228008927451
1615, 0.10137134137007392
1616, 0.10141987149479667
1617, 0.10146839127261466
1618, 0.10151690070923439
1619, 0.10156539981034618
1620, 0.10161388858164172
1621, 0.10166236702880935
1622, 0.10171083515752963
1623, 0.10175929297347955
1624, 0.1018077404823328
1625, 0.10185617768975536
1626, 0.10190460460141214
1627, 0.1019530212229631
1628, 0.10200142756005937
1629, 0.10204982361835366
1630, 0.10209820940348861
1631, 0.10214658492110623
1632, 0.10219495017684203
1633, 0.1022433051763266
1634, 0.10229164992518686
1635, 0.10233998442904585
1636, 0.10238830869352211
1637, 0.10243662272422438
1638, 0.10248492652676716
1639, 0.10253322010675016
1640, 0.10258150346977357
1641, 0.10262977662143319
1642, 0.10267803956731941
1643, 0.10272629231301565
1644, 0.10277453486410734
1645, 0.10282276722616845
1646, 0.1028709894047704
1647, 0.10291920140548057
1648, 0.10296740323386602
1649, 0.10301559489548007
1650, 0.10306377639588112
1651, 0.10311194774061597
1652, 0.1031601089352311
1653, 0.10320825998526525
1654, 0.10325640089625536
1655, 0.10330453167373412
1656, 0.10335265232322702
1657, 0.10340076285025687
1658, 0.10344886326034168
1659, 0.10349695355899478
1660, 0.10354503375172472
1661, 0.10359310384403628
1662, 0.10364116384143002
1663, 0.1036892137494016
1664, 0.10373725357343958
1665, 0.10378528331903228
1666, 0.10383330299166316
1667, 0.10388131259680813
1668, 0.10392931213993946
1669, 0.10397730162652657
1670, 0.10402528106203388
1671, 0.10407325045192209
1672, 0.1041212098016443
1673, 0.10416915911665334
1674, 0.10421709840239354
1675, 0.10426502766430842
1676, 0.1043129469078346
1677, 0.10436085613840525
1678, 0.10440875536144797
1679, 0.10445664458238883
1680, 0.10450452380664568
1681, 0.10455239303963454
1682, 0.10460025228676598
1683, 0.10464810155344645
1684, 0.10469594084507805
1685, 0.10474377016705835
1686, 0.10479158952477982
1687, 0.1048393989236324
1688, 0.10488719836900079
1689, 0.10493498786626121
1690, 0.10498276742079427
1691, 0.10503053703796544
1692, 0.10507829672314502
1693, 0.10512604648169588
1694, 0.10517378631897457
1695, 0.10522151624033357
1696, 0.10526923625112419
1697, 0.10531694635668803
1698, 0.10536464656236977
1699, 0.10541233687350074
1700, 0.10546001729541635
1701, 0.10550768783344158
1702, 0.10555534849290008
1703, 0.10560299927910974
1704, 0.10565064019738576
1705, 0.10569827125303724
1706, 0.10574589245136895
1707, 0.10579350379768264
1708, 0.10584110529727472
1709, 0.1058886969554387
1710, 0.10593627877746103
1711, 0.10598385076862651
1712, 0.10603141293421314
1713, 0.10607896527949648
1714, 0.10612650780974904
1715, 0.10617404053023399
1716, 0.10622156344621547
1717, 0.10626907656295008
1718, 0.10631657988569289
1719, 0.10636407341969115
1720, 0.10641155717019046
1721, 0.10645903114243074
1722, 0.10650649534164945
1723, 0.10655394977307614
1724, 0.10660139444194056
1725, 0.10664882935346492
1726, 0.10669625451286638
1727, 0.10674366992536499
1728, 0.10679107559616469
1729, 0.10683847153047524
1730, 0.1068858577334989
1731, 0.10693323421043041
1732, 0.10698060096646572
1733, 0.10702795800679243
1734, 0.10707530533659537
1735, 0.1071226429610567
1736, 0.10716997088534803
1737, 0.10721728911464626
1738, 0.1072645976541157
1739, 0.10731189650892278
1740, 0.10735918568422492
1741, 0.10740646518517749
1742, 0.10745373501693109
1743, 0.10750099518463194
1744, 0.10754824569342178
1745, 0.1075954865484407
1746, 0.10764271775481965
1747, 0.10768993931768894
1748, 0.1077371512421764
1749, 0.10778435353340046
1750, 0.10783154619647978
1751, 0.10787872923652406
1752, 0.10792590265864607
1753, 0.10797306646794533
1754, 0.10802022066952552
1755, 0.10806736526848164
1756, 0.10811450026990416
1757, 0.10816162567888155
1758, 0.10820874150049883
1759, 0.10825584773983046
1760, 0.10830294440195458
1761, 0.10835003149194397
1762, 0.10839710901485962
1763, 0.108444176975769
1764, 0.10849123537972843
1765, 0.10853828423179103
1766, 0.10858532353700781
1767, 0.10863235330042297
1768, 0.10867937352708026
1769, 0.10872638422201644
1770, 0.10877338539026482
1771, 0.10882037703685254
1772, 0.1088673591668071
1773, 0.10891433178514881
1774, 0.10896129489689385
1775, 0.10900824850705493
1776, 0.1090551926206402
1777, 0.10910212724265447
1778, 0.10914905237809808
1779, 0.1091959680319668
1780, 0.10924287420925101
1781, 0.10928977091494158
1782, 0.10933665815402059
1783, 0.10938353593146838
1784, 0.1094304042522592
1785, 0.10947726312136427
1786, 0.10952411254375244
1787, 0.10957095252438716
1788, 0.10961778306822559
1789, 0.10966460418022432
1790, 0.10971141586533367
1791, 0.10975821812850138
1792, 0.10980501097466991
1793, 0.10985179440877595
1794, 0.10989856843575745
1795, 0.10994533306054166
1796, 0.10999208828805909
1797, 0.11003883412322799
1798, 0.11008557057096904
1799, 0.11013229763619664
1800, 0.11017901532382232
1801, 0.11022572363874894
1802, 0.11027242258588033
1803, 0.11031911217011603
1804, 0.1103657923963476
1805, 0.11041246326946857
1806, 0.1104591247943619
1807, 0.1105057769759101
1808, 0.11055241981899312
1809, 0.11059905332848258
1810, 0.11064567750924972
1811, 0.11069229236616118
1812, 0.11073889790407698
1813, 0.11078549412785638
1814, 0.11083208104235398
1815, 0.11087865865241794
1816, 0.11092522696289525
1817, 0.1109717859786268
1818, 0.11101833570445338
1819, 0.11106487614520544
1820, 0.11111140730571498
1821, 0.11115792919080708
1822, 0.11120444180530357
1823, 0.111250945154025
1824, 0.11129743924178225
1825, 0.1113439240733875
1826, 0.11139039965364615
1827, 0.11143686598736023
1828, 0.11148332307932732
1829, 0.11152977093434266
1830, 0.11157620955719759
1831, 0.1116226389526759
1832, 0.11166905912556162
1833, 0.1117154700806332
1834, 0.11176187182266467
1835, 0.1118082643564275
1836, 0.11185464768668757
1837, 0.1119010218182083
1838, 0.11194738675574861
1839, 0.11199374250406122
1840, 0.11204008906789939
1841, 0.11208642645200916
1842, 0.11213275466113584
1843, 0.1121790737000149
1844, 0.11222538357338599
1845, 0.11227168428597763
1846, 0.112317975842517
1847, 0.11236425824772743
1848, 0.11241053150633308
1849, 0.1124567956230452
1850, 0.11250305060257886
1851, 0.11254929644963835
1852, 0.11259553316893196
1853, 0.11264176076515917
1854, 0.11268797924301353
1855, 0.11273418860719003
1856, 0.1127803888623791
1857, 0.11282658001326115
1858, 0.11287276206452004
1859, 0.11291893502083311
1860, 0.11296509888687326
1861, 0.11301125366730952
1862, 0.11305739936680906
1863, 0.11310353599003148
1864, 0.11314966354163508
1865, 0.11319578202627574
1866, 0.11324189144860275
1867, 0.11328799181326242
1868, 0.1133340831248959
1869, 0.11338016538814541
1870, 0.11342623860764285
1871, 0.11347230278802013
1872, 0.11351835793390576
1873, 0.113564404049922
1874, 0.1136104411406895
1875, 0.11365646921082367
1876, 0.1137024882649368
1877, 0.11374849830763797
1878, 0.1137944993435305
1879, 0.11384049137721444
1880, 0.11388647441328903
1881, 0.11393244845634715
1882, 0.11397841351097629
1883, 0.1140243695817647
1884, 0.11407031667329075
1885, 0.11411625479013512
1886, 0.11416218393687295
1887, 0.11420810411807251
1888, 0.11425401533830307
1889, 0.11429991760212568
1890, 0.11434581091409937
1891, 0.11439169527878074
1892, 0.11443757070072098
1893, 0.11448343718446846
1894, 0.11452929473456874
1895, 0.11457514335556179
1896, 0.1146209830519809
1897, 0.11466681382836488
1898, 0.11471263568923923
1899, 0.11475844863913176
1900, 0.11480425268256363
1901, 0.11485004782405316
1902, 0.1148958340681134
1903, 0.11494161141925748
1904, 0.11498737988199079
1905, 0.1150331394608177
1906, 0.11507889016023859
1907, 0.11512463198474879
1908, 0.11517036493883964
1909, 0.11521608902700047
1910, 0.11526180425371615
1911, 0.11530751062346728
1912, 0.11535320814073377
1913, 0.11539889680998808
1914, 0.11544457663569926
1915, 0.11549024762233405
1916, 0.11553590977435851
1917, 0.11558156309622865
1918, 0.11562720759240022
1919, 0.11567284326732741
1920, 0.11571847012545464
1921, 0.11576408817123038
1922, 0.11580969740909455
1923, 0.11585529784348265
1924, 0.11590088947883007
1925, 0.115946472319566
1926, 0.11599204637011636
1927, 0.11603761163490521
1928, 0.1160831681183524
1929, 0.11612871582487197
1930, 0.11617425475887508
1931, 0.11621978492477164
1932, 0.11626530632696577
1933, 0.11631081896985726
1934, 0.11635632285784682
1935, 0.11640181799532395
1936, 0.11644730438668165
1937, 0.11649278203630559
1938, 0.11653825094857878
1939, 0.11658371112788299
1940, 0.11662916257859016
1941, 0.11667460530507565
1942, 0.11672003931170728
1943, 0.11676546460284926
1944, 0.1168108811828615
1945, 0.11685628905610751
1946, 0.11690168822693692
1947, 0.11694707869969945
1948, 0.11699246047874853
1949, 0.11703783356842176
1950, 0.11708319797306238
1951, 0.11712855369700602
1952, 0.1171739007445846
1953, 0.1172192391201295
1954, 0.11726456882796776
1955, 0.11730988987241878
1956, 0.11735520225780309
1957, 0.1174005059884345
1958, 0.11744580106862662
1959, 0.1174910875026872
1960, 0.11753636529492037
1961, 0.1175816344496257
1962, 0.11762689497110526
1963, 0.11767214686364974
1964, 0.11771739013155055
1965, 0.11776262477909546
1966, 0.11780785081056769
1967, 0.11785306823024978
1968, 0.1178982770424124
1969, 0.11794347725133417
1970, 0.11798866886128376
1971, 0.11803385187652546
1972, 0.11807902630132168
1973, 0.1181241921399343
1974, 0.11816934939661894
1975, 0.11821449807562523
1976, 0.11825963818120246
1977, 0.11830476971759946
1978, 0.11834989268905283
1979, 0.11839500709980381
1980, 0.11844011295408675
1981, 0.11848521025613315
1982, 0.11853029901017148
1983, 0.11857537922042699
1984, 0.11862045089111838
1985, 0.11866551402646455
1986, 0.11871056863067903
1987, 0.11875561470797491
1988, 0.11880065226255716
1989, 0.11884568129862907
1990, 0.11889070182039294
1991, 0.11893571383204637
1992, 0.11898071733778146
1993, 0.11902571234178765
1994, 0.11907069884825337
1995, 0.11911567686136078
1996, 0.11916064638529106
1997, 0.11920560742422019
1998, 0.11925055998232208
1999, 0.11929550406376503
